-3.941097534636563537e+00
-4.198361120766494814e+00
-4.504816213533417546e+00
-4.874834420807093949e+00
-5.330074561314815718e+00
-5.910182742515748266e+00
-6.701538726612965569e+00
-7.924356206572412020e+00
-1.022394324560720236e+01
-1.563741290813657692e+01
-2.999989994512128888e+01
-6.244106675296088582e+01
-1.005137657260439994e+02
-1.038390747905577030e+02
-8.210685275507044878e+01
-6.577415503284090903e+01
-5.968748393169310162e+01
-6.013320797993794287e+01
-6.501656411759748266e+01
-7.453586898448403986e+01
-9.139233896349149688e+01
-1.240696158550145611e+02
-2.070165976394922041e+02
-7.741130418911495781e+02
3.949019044544485268e+02
