7.736075619560214278e-01
6.800176457461639679e-01
6.263998478896294353e-01
6.019245560715267285e-01
5.995108592383545654e-01
6.154654507106280814e-01
6.497959751508911586e-01
7.085075118999214494e-01
8.119876418815294983e-01
1.025006916737723817e+00
1.531061730670314036e+00
2.437642515578400282e+00
2.747351842220844720e+00
1.899116905227805630e+00
1.143661428403336178e+00
7.987259245666995522e-01
6.401229958088560101e-01
5.510370058182079145e-01
4.950149449250993983e-01
4.595550916322126977e-01
4.388580858662838313e-01
4.294538580668993411e-01
4.290129139165159700e-01
4.359015145747401898e-01
4.489305285172905946e-01
