3.767676069332526367e+01
3.510275471802257385e+01
3.425050060996848345e+01
3.482870214973094392e+01
3.672154170340914447e+01
4.004866124707134389e+01
4.532896839959040136e+01
5.402533531620600371e+01
7.065041804335845654e+01
1.116545362278210121e+02
2.302230495912739627e+02
4.861833308493997379e+02
6.812282862850123593e+02
6.000074601033744557e+02
4.807235878456160094e+02
4.235757998170476526e+02
3.989375738453622944e+02
3.893296038190953823e+02
3.895032035280313494e+02
3.976193348462564359e+02
4.126763340274644065e+02
4.339905667781001171e+02
4.611041575202697231e+02
4.937302099978011256e+02
5.316917187544775061e+02
