1.309785165137012154e+04
1.158133475240144799e+04
1.072652180573668011e+04
1.036758461365525000e+04
1.039960378376827248e+04
1.076441670124690063e+04
1.145673451335007667e+04
1.257707705660677857e+04
1.455571857647561774e+04
1.928699157747245044e+04
3.462437881652163924e+04
7.272415766120575427e+04
1.077430824496595451e+05
1.031236138367602543e+05
8.916415190935296414e+04
8.168353016646676406e+04
7.819733872671506833e+04
7.695834772188075294e+04
7.750759492477422464e+04
7.972134797485997842e+04
8.353191925957471540e+04
8.888295998389831220e+04
9.572759806442423724e+04
1.040255011356832110e+05
1.137382750183750468e+05
