-3.062778123986357823e+07
-3.062351634667945653e+07
-3.061924847882475331e+07
-3.061497761625337973e+07
-3.061070373879192397e+07
-3.060642682613841444e+07
-3.060214685786565021e+07
-3.059786381341746822e+07
-3.059357767211224511e+07
-3.058928841314223036e+07
-3.058499601557088271e+07
-3.058070045833496004e+07
-3.057640172024869546e+07
-3.057209977999595925e+07
-3.056779461613642424e+07
-3.056348620710458606e+07
-3.055917453120573983e+07
-3.055485956662219390e+07
-3.055054129140795395e+07
-3.054621968349426612e+07
-3.054189472068398446e+07
-3.053756638065460324e+07
-3.053323464095875993e+07
-3.052889947902366146e+07
-3.052456087214994803e+07
-3.052021879751398787e+07
-3.051587323216564208e+07
-3.051152415302916616e+07
-3.050717153690369427e+07
-3.050281536046328768e+07
-3.049845560025515407e+07
-3.049409223270291463e+07
-3.048972523410217091e+07
-3.048535458062472194e+07
-3.048098024831611663e+07
-3.047660221309635043e+07
-3.047222045075902343e+07
-3.046783493697246537e+07
-3.046344564727887139e+07
-3.045905255709386617e+07
-3.045465564170770347e+07
-3.045025487628380209e+07
-3.044585023585857451e+07
-3.044144169534357265e+07
-3.043702922952195629e+07
-3.043261281304991245e+07
-3.042819242045771703e+07
-3.042376802614808083e+07
-3.041933960439487919e+07
-3.041490712934496999e+07
-3.041047057501663640e+07
-3.040602991530190408e+07
-3.040158512396256998e+07
-3.039713617463105917e+07
-3.039268304081145301e+07
-3.038822569587847963e+07
-3.038376411307789758e+07
-3.037929826552367210e+07
-3.037482812619938701e+07
-3.037035366795927286e+07
-3.036587486352391168e+07
-3.036139168548383936e+07
-3.035690410629622266e+07
-3.035241209828629345e+07
-3.034791563364535198e+07
-3.034341468443249166e+07
-3.033890922256968543e+07
-3.033439921984727308e+07
-3.032988464791762456e+07
-3.032536547829825059e+07
-3.032084168236964941e+07
-3.031631323137659207e+07
-3.031178009642161056e+07
-3.030724224847336113e+07
-3.030269965835728869e+07
-3.029815229676103964e+07
-3.029360013423074782e+07
-3.028904314116840810e+07
-3.028448128783639520e+07
-3.027991454435111210e+07
-3.027534288068567216e+07
-3.027076626666788384e+07
-3.026618467197709158e+07
-3.026159806614726037e+07
-3.025700641856248677e+07
-3.025240969845748320e+07
-3.024780787491657585e+07
-3.024320091687164083e+07
-3.023858879310128838e+07
-3.023397147222926468e+07
-3.022934892272450030e+07
-3.022472111289821938e+07
-3.022008801090371981e+07
-3.021544958473312110e+07
-3.021080580221879482e+07
-3.020615663102858514e+07
-3.020150203866779804e+07
-3.019684199247443303e+07
-3.019217645961763337e+07
-3.018750540710078552e+07
-3.018282880175249279e+07
-3.017814661022886261e+07
-3.017345879901387915e+07
-3.016876533441083133e+07
-3.016406618254637346e+07
-3.015936130936627463e+07
-3.015465068063266948e+07
-3.014993426192418486e+07
-3.014521201863080636e+07
-3.014048391595316678e+07
-3.013574991889868677e+07
-3.013100999228252470e+07
-3.012626410071991384e+07
-3.012151220862833038e+07
-3.011675428022393584e+07
-3.011199027951638773e+07
-3.010722017030762136e+07
-3.010244391618921608e+07
-3.009766148053929955e+07
-3.009287282651915774e+07
-3.008807791706867144e+07
-3.008327671490806341e+07
-3.007846918252917379e+07
-3.007365528219363838e+07
-3.006883497593034059e+07
-3.006400822553069144e+07
-3.005917499254543334e+07
-3.005433523827976361e+07
-3.004948892379421741e+07
-3.004463600989262015e+07
-3.003977645712511241e+07
-3.003491022577846795e+07
-3.003003727587595955e+07
-3.002515756717041135e+07
-3.002027105914134905e+07
-3.001537771098634228e+07
-3.001047748162290454e+07
-3.000557032967587188e+07
-3.000065621347820386e+07
-2.999573509106221050e+07
-2.999080692015669495e+07
-2.998587165817760304e+07
-2.998092926222770289e+07
-2.997597968908423558e+07
-2.997102289519952983e+07
-2.996605883668923005e+07
-2.996108746932899207e+07
-2.995610874854843691e+07
-2.995112262941955030e+07
-2.994612906665705517e+07
-2.994112801460565627e+07
-2.993611942723519355e+07
-2.993110325813253969e+07
-2.992607946049386635e+07
-2.992104798711763322e+07
-2.991600879039321467e+07
-2.991096182229844108e+07
-2.990590703438437730e+07
-2.990084437777231261e+07
-2.989577380314083770e+07
-2.989069526071683317e+07
-2.988560870026863366e+07
-2.988051407109476998e+07
-2.987541132201209664e+07
-2.987030040134711564e+07
-2.986518125692626089e+07
-2.986005383606333286e+07
-2.985491808554958552e+07
-2.984977395164082199e+07
-2.984462138004498184e+07
-2.983946031591438130e+07
-2.983429070382753387e+07
-2.982911248777861893e+07
-2.982392561116708443e+07
-2.981873001677880064e+07
-2.981352564677591249e+07
-2.980831244268207625e+07
-2.980309034536598623e+07
-2.979785929502807930e+07
-2.979261923118406907e+07
-2.978737009264881164e+07
-2.978211181752119958e+07
-2.977684434316594899e+07
-2.977156760619567707e+07
-2.976628154245534912e+07
-2.976098608700252697e+07
-2.975568117408836633e+07
-2.975036673713770509e+07
-2.974504270873230696e+07
-2.973970902058431134e+07
-2.973436560352190211e+07
-2.972901238746437430e+07
-2.972364930139925331e+07
-2.971827627335937694e+07
-2.971289323040200025e+07
-2.970750009858146682e+07
-2.970209680292624235e+07
-2.969668326741281152e+07
-2.969125941493713111e+07
-2.968582516729176417e+07
-2.968038044513422996e+07
-2.967492516796001792e+07
-2.966945925407177210e+07
-2.966398262055064738e+07
-2.965849518322249502e+07
-2.965299685663035512e+07
-2.964748755399422348e+07
-2.964196718718279526e+07
-2.963643566667565331e+07
-2.963089290152793005e+07
-2.962533879933245480e+07
-2.961977326618116722e+07
-2.961419620662671700e+07
-2.960860752364079654e+07
-2.960300711857338622e+07
-2.959739489110715315e+07
-2.959177073921585083e+07
-2.958613455911781639e+07
-2.958048624522553757e+07
-2.957482569010392949e+07
-2.956915278441337496e+07
-2.956346741686043143e+07
-2.955776947414839268e+07
-2.955205884091624990e+07
-2.954633539968649298e+07
-2.954059903080697358e+07
-2.953484961238813773e+07
-2.952908702024423704e+07
-2.952331112782717496e+07
-2.951752180616390333e+07
-2.951171892378617823e+07
-2.950590234666150436e+07
-2.950007193812078238e+07
-2.949422755878804252e+07
-2.948836906649572030e+07
-2.948249631621465459e+07
-2.947660915996715799e+07
-2.947070744674593583e+07
-2.946479102242796496e+07
-2.945885972968152910e+07
-2.945291340787795931e+07
-2.944695189299616590e+07
-2.944097501752269641e+07
-2.943498261035341769e+07
-2.942897449668847024e+07
-2.942295049792284146e+07
-2.941691043153861538e+07
-2.941085411098904163e+07
-2.940478134557895735e+07
-2.939869194034589082e+07
-2.939258569593138620e+07
-2.938646240845433623e+07
-2.938032186937402189e+07
-2.937416386535405740e+07
-2.936798817811732739e+07
-2.936179458430250362e+07
-2.935558285530791432e+07
-2.934935275713684782e+07
-2.934310405023576692e+07
-2.933683648932507634e+07
-2.933054982322914153e+07
-2.932424379469643533e+07
-2.931791814021445811e+07
-2.931157258982305601e+07
-2.930520686691378802e+07
-2.929882068803194165e+07
-2.929241376266446710e+07
-2.928598579302369058e+07
-2.927953647382733226e+07
-2.927306549206489697e+07
-2.926657252676019818e+07
-2.926005724873105437e+07
-2.925351932032665238e+07
-2.924695839517343417e+07
-2.924037411790237948e+07
-2.923376612386836857e+07
-2.922713403886268660e+07
-2.922047747881580517e+07
-2.921379604949015379e+07
-2.920708934616211802e+07
-2.920035695329349861e+07
-2.919359844419381768e+07
-2.918681338067221269e+07
-2.918000131267128512e+07
-2.917316177790075913e+07
-2.916629430144861341e+07
-2.915939839538376406e+07
-2.915247355834725499e+07
-2.914551927512753755e+07
-2.913853501622133330e+07
-2.913152023738636076e+07
-2.912447437917013094e+07
-2.911739686642900854e+07
-2.911028710783475637e+07
-2.910314449535856023e+07
-2.909596840373964608e+07
-2.908875818994183466e+07
-2.908151319258706644e+07
-2.907423273137310892e+07
-2.906691610647181422e+07
-2.905956259790961817e+07
-2.905217146492629871e+07
-2.904474194531385973e+07
-2.903727325473510101e+07
-2.902976458602004871e+07
-2.902221510843904689e+07
-2.901462396695601568e+07
-2.900699028145316616e+07
-2.899931314593693614e+07
-2.899159162771505862e+07
-2.898382476654831693e+07
-2.897601157377912477e+07
-2.896815103142740577e+07
-2.896024209126506746e+07
-2.895228367385617271e+07
-2.894427466757177562e+07
-2.893621392757058516e+07
-2.892810027475453913e+07
-2.891993249468525499e+07
-2.891170933647584543e+07
-2.890342951163970307e+07
-2.889509169291654602e+07
-2.888669451305393502e+07
-2.887823656355576590e+07
-2.886971639339711517e+07
-2.886113250769716129e+07
-2.885248336635566875e+07
-2.884376738265187666e+07
-2.883498292179507017e+07
-2.882612829945060611e+07
-2.881720178020267561e+07
-2.880820157599488646e+07
-2.879912584450931475e+07
-2.878997268751832098e+07
-2.878074014917446300e+07
-2.877142621426894516e+07
-2.876202880643319339e+07
-2.875254578629787266e+07
-2.874297494960336760e+07
-2.873331402525970712e+07
-2.872356067335711420e+07
-2.871371248312900215e+07
-2.870376697086236626e+07
-2.869372157775375992e+07
-2.868357366772247478e+07
-2.867332052516002581e+07
-2.866295935263918713e+07
-2.865248726855846494e+07
-2.864190130474462360e+07
-2.863119840399538726e+07
-2.862037541757068411e+07
-2.860942910263332725e+07
-2.859835611963282153e+07
-2.858715302964108437e+07
-2.857581629163640365e+07
-2.856434225973199680e+07
-2.855272718035684526e+07
-2.854096718939024583e+07
-2.852905830924024060e+07
-2.851699644588410482e+07
-2.850477738585494459e+07
-2.849239679319172353e+07
-2.847985020634260401e+07
-2.846713303502831236e+07
-2.845424055707145855e+07
-2.844116791519082338e+07
-2.842791011376097798e+07
-2.841446201554501802e+07
-2.840081833840645850e+07
-2.838697365199329332e+07
-2.837292237441280112e+07
-2.835865876889072731e+07
-2.834417694042264670e+07
-2.832947083242869377e+07
-2.831453422341376171e+07
-2.829936072362946719e+07
-2.828394377176848799e+07
-2.826827663167352974e+07
-2.825235238908635080e+07
-2.823616394843576849e+07
-2.821970402967963368e+07
-2.820296516520317644e+07
-2.818593969679567590e+07
-2.816861977270181105e+07
-2.815099734477106482e+07
-2.813306416571239382e+07
-2.811481178646708652e+07
-2.809623155371253937e+07
-2.807731460751565918e+07
-2.805805187914679199e+07
-2.803843408907017112e+07
-2.801845174513004720e+07
-2.799809514094669744e+07
-2.797735435454263538e+07
-2.795621924722201377e+07
-2.793467946270732209e+07
-2.791272442657802626e+07
-2.789034334600580111e+07
-2.786752520983634144e+07
-2.784425878901056945e+07
-2.782053263737366349e+07
-2.779633509288679808e+07
-2.777165427925668657e+07
-2.774647810802830011e+07
-2.772079428114686534e+07
-2.769459029403309152e+07
-2.766785343918225169e+07
-2.764057081032385677e+07
-2.761272930717338994e+07
-2.758431564079063013e+07
-2.755531633958481252e+07
-2.752571775598870590e+07
-2.749550607382913306e+07
-2.746466731642575562e+07
-2.743318735543864965e+07
-2.740105192049790546e+07
-2.736824660963577032e+07
-2.733475690055310726e+07
-2.730056816273390874e+07
-2.726566567044068500e+07
-2.723003461660635099e+07
-2.719366012764344364e+07
-2.715652727918842807e+07
-2.711862111279959232e+07
-2.707992665361133590e+07
-2.704042892897099629e+07
-2.700011298805305734e+07
-2.695896392245848104e+07
-2.691696688780377433e+07
-2.687410712629255652e+07
-2.683036999026626348e+07
-2.678574096671729162e+07
-2.674020570275903121e+07
-2.669375003201894835e+07
-2.664636000194638222e+07
-2.659802190198094398e+07
-2.654872229257496819e+07
-2.649844803500011936e+07
-2.644718632190579176e+07
-2.639492470857632533e+07
-2.634165114481614903e+07
-2.628735400740897283e+07
-2.623202213306738064e+07
-2.617564485180196911e+07
-2.611821202062126994e+07
-2.605971405746706575e+07
-2.600014197529467195e+07
-2.593948741618888453e+07
-2.587774268540579453e+07
-2.581490078522251174e+07
-2.575095544848534465e+07
-2.568590117171260342e+07
-2.561973324763808772e+07
-2.555244779705301672e+07
-2.548404179980785027e+07
-2.541451312483745441e+07
-2.534386055906765163e+07
-2.527208383505456522e+07
-2.519918365721438453e+07
-2.512516172650399432e+07
-2.505002076340187714e+07
-2.497376452905602753e+07
-2.489639784445028007e+07
-2.481792660747037083e+07
-2.473835780772523955e+07
-2.465769953901288658e+07
-2.457596100930276141e+07
-2.449315254814105481e+07
-2.440928561136270687e+07
-2.432437278304049000e+07
-2.423842777457053587e+07
-2.415146542084652930e+07
-2.406350167345653847e+07
-2.397455359086572751e+07
-2.388463932555393875e+07
-2.379377810809892043e+07
-2.370199022820074111e+07
-2.360929701267071068e+07
-2.351572080040910468e+07
-2.342128491442444921e+07
-2.332601363095267490e+07
-2.322993214575799927e+07
-2.313306653770611063e+07
-2.303544372971356660e+07
-2.293709144720533490e+07
-2.283803817420323938e+07
-2.273831310720388219e+07
-2.263794610700039938e+07
-2.253696764861997962e+07
-2.243540876956136152e+07
-2.233330101651857048e+07
-2.223067639079026878e+07
-2.212756729258141667e+07
-2.202400646440086141e+07
-2.192002693377478793e+07
-2.181566195548557118e+07
-2.171094495355704427e+07
-2.160590946319609508e+07
-2.150058907291650400e+07
-2.139501736704073101e+07
-2.128922786879986897e+07
-2.118325398422603309e+07
-2.107712894703325629e+07
-2.097088576467161998e+07
-2.086455716573902592e+07
-2.075817554890738800e+07
-2.065177293352859840e+07
-2.054538091206464544e+07
-2.043903060447213426e+07
-2.033275261466471478e+07
-2.022657698916070163e+07
-2.012053317801270261e+07
-2.001464999809652939e+07
-1.990895559883209690e+07
-1.980347743038608134e+07
-1.969824221440384164e+07
-1.959327591728878021e+07
-1.948860372605902329e+07
-1.938425002676721662e+07
-1.928023838549106568e+07
-1.917659153186170757e+07
-1.907333134510742873e+07
-1.897047884256474674e+07
-1.886805417061414197e+07
-1.876607659797438979e+07
-1.866456451129016653e+07
-1.856353541294328123e+07
-1.846300592099871486e+07
-1.836299177120712027e+07
-1.826350782096499950e+07
-1.816456805514451489e+07
-1.806618559368825704e+07
-1.796837270087052882e+07
-1.787114079612267762e+07
-1.777450046631442755e+07
-1.767846147938767076e+07
-1.758303279924194887e+07
-1.748822260175558552e+07
-1.739403829185157642e+07
-1.730048652149691060e+07
-1.720757320853930339e+07
-1.711530355628012866e+07
-1.702368207369256020e+07
-1.693271259618723392e+07
-1.684239830684198439e+07
-1.675274175800336525e+07
-1.666374489318606444e+07
-1.657540906918257475e+07
-1.648773507831925713e+07
-1.640072317077786662e+07
-1.631437307692747191e+07
-1.622868402959343605e+07
-1.614365478621667251e+07
-1.605928365083985962e+07
-1.597556849587800168e+07
-1.589250678362375125e+07
-1.581009558744499087e+07
-1.572833161264218017e+07
-1.564721121692348085e+07
-1.556673043047249131e+07
-1.548688497557935119e+07
-1.540767028581243567e+07
-1.532908152470607497e+07
-1.525111360395262763e+07
-1.517376120107762143e+07
-1.509701877659147978e+07
-1.502088059060157649e+07
-1.494534071888585389e+07
-1.487039306841288134e+07
-1.479603139231516607e+07
-1.472224930430755392e+07
-1.464904029255400971e+07
-1.457639773298590630e+07
-1.450431490207486600e+07
-1.443278498906405270e+07
-1.436180110766892508e+07
-1.429135630724642985e+07
-1.422144358345285058e+07
-1.415205588838946633e+07
-1.408318614025086164e+07
-1.401482723248909414e+07
-1.394697204249808565e+07
-1.387961343983925506e+07
-1.381274429401407205e+07
-1.374635748179739527e+07
-1.368044589414863102e+07
-1.361500244270982221e+07
-1.355002006590432115e+07
-1.348549173465293646e+07
-1.342141045771603286e+07
-1.335776928668101691e+07
-1.329456132060135156e+07
-1.323177971030903235e+07
-1.316941766240471415e+07
-1.310746844294641726e+07
-1.304592538084364496e+07
-1.298478187097494304e+07
-1.292403137703384832e+07
-1.286366743412533961e+07
-1.280368365111451596e+07
-1.274407371274687536e+07
-1.268483138154596835e+07
-1.262595049950297549e+07
-1.256742498956842348e+07
-1.250924885695180111e+07
-1.245141619024743326e+07
-1.239392116238805652e+07
-1.233675803144013882e+07
-1.227992114124872722e+07
-1.222340492194038071e+07
-1.216720389029229060e+07
-1.211131264997707866e+07
-1.205572589168652520e+07
-1.200043839315130934e+07
-1.194544501904974878e+07
-1.189074072082586959e+07
-1.183632053641469032e+07
-1.178217958988597803e+07
-1.172831309100617282e+07
-1.167471633473362215e+07
-1.162138470064164884e+07
-1.156831365228464454e+07
-1.151549873650332913e+07
-1.146293558268130943e+07
-1.141061990195217170e+07
-1.135854748636327870e+07
-1.130671420800014958e+07
-1.125511601807528548e+07
-1.120374894598516449e+07
-1.115260909833735973e+07
-1.110169265795324184e+07
-1.105099588284637965e+07
-1.100051510518376715e+07
-1.095024673022671416e+07
-1.090018723526029289e+07
-1.085033316850767657e+07
-1.080068114803658798e+07
-1.075122786065602861e+07
-1.070197006080906838e+07
-1.065290456945882179e+07
-1.060402827297369763e+07
-1.055533812201145291e+07
-1.050683113040373102e+07
-1.045850437404113077e+07
-1.041035498976413906e+07
-1.036238017425573431e+07
-1.031457718294154294e+07
-1.026694332889481261e+07
-1.021947598174952529e+07
-1.017217256662208959e+07
-1.012503056304150634e+07
-1.007804750388931111e+07
-1.003122097435031086e+07
-9.984548610873322934e+06
-9.938028100145127624e+06
-9.891657178075380623e+06
-9.845433628792952746e+06
-9.799355283657159656e+06
-9.753420020281145349e+06
-9.707625761568389833e+06
-9.661970474763358012e+06
-9.616452170516448095e+06
-9.571068901962243021e+06
-9.525818763813078403e+06
-9.480699891465824097e+06
-9.435710460124198347e+06
-9.390848683935340494e+06
-9.346112815141342580e+06
-9.301501143244082108e+06
-9.257011994187137112e+06
-9.212643729549830779e+06
-9.168394745757894590e+06
-9.124263473307535052e+06
-9.080248376004483551e+06
-9.036347950216982514e+06
-8.992560724144354463e+06
-8.948885257098168135e+06
-8.905320138798505068e+06
-8.861863988684417680e+06
-8.818515455237224698e+06
-8.775273215318603441e+06
-8.732135973521526903e+06
-8.689102461535252631e+06
-8.646171437522569671e+06
-8.603341685511276126e+06
-8.560612014797793701e+06
-8.517981259363494813e+06
-8.475448277304152027e+06
-8.433011950271019712e+06
-8.390671182924823835e+06
-8.348424902400595136e+06
-8.306272057786123827e+06
-8.264211619610154070e+06
-8.222242579342318699e+06
-8.180363948906100355e+06
-8.138574760199810378e+06
-8.096874064631030895e+06
-8.055260932659942657e+06
-8.013734453354544938e+06
-7.972293733954038471e+06
-7.930937899444960989e+06
-7.889666092144608498e+06
-7.848477471295191906e+06
-7.807371212668647990e+06
-7.766346508178174496e+06
-7.725402565501254983e+06
-7.684538607709569857e+06
-7.643753872909846716e+06
-7.603047613891090266e+06
-7.562419097781592049e+06
-7.521867605713473633e+06
-7.481392432495802641e+06
-7.440992886294363067e+06
-7.400668288321269676e+06
-7.360417972529711202e+06
-7.320241285317218862e+06
-7.280137585236594081e+06
-7.240106242712950334e+06
-7.200146639767717570e+06
-7.160258169749662280e+06
-7.120440237073100172e+06
-7.080692256960927509e+06
-7.041013655195270665e+06
-7.001403867874085903e+06
-6.961862341172680259e+06
-6.922388531113035977e+06
-6.882981903336823918e+06
-6.843641932885127142e+06
-6.804368103983679786e+06
-6.765159909832754172e+06
-6.726016852402789518e+06
-6.686938442234954797e+06
-6.647924198246620595e+06
-6.608973647541782819e+06
-6.570086325225798413e+06
-6.531261774225319736e+06
-6.492499545112841763e+06
-6.453799195933977142e+06
-6.415160292041991837e+06
-6.376582405933505856e+06
-6.338065117090206593e+06
-6.299608011823574081e+06
-6.261210683124430478e+06
-6.222872730514789000e+06
-6.184593759905263782e+06
-6.146373383454222232e+06
-6.108211219431767240e+06
-6.070106892086931504e+06
-6.032060031517726369e+06
-5.994070273544128053e+06
-5.956137259586320259e+06
-5.918260636543018743e+06
-5.880440056674967520e+06
-5.842675177491161972e+06
-5.804965661636769772e+06
-5.767311176784959622e+06
-5.729711395531238988e+06
-5.692165995290382765e+06
-5.654674658195208758e+06
-5.617237070999342017e+06
-5.579852924981506541e+06
-5.542521915852128528e+06
-5.505243743662375957e+06
-5.468018112716289237e+06
-5.430844731483857147e+06
-5.393723312517135404e+06
-5.356653572367992252e+06
-5.319635231508628465e+06
-5.282668014252590947e+06
-5.245751648680134676e+06
-5.208885866562720388e+06
-5.172070403291697614e+06
-5.135304997807158157e+06
-5.098589392529894598e+06
-5.061923333293439820e+06
-5.025306569279930554e+06
-4.988738852955304086e+06
-4.952219940007431433e+06
-4.915749589286062866e+06
-4.879327562743121758e+06
-4.842953625375286676e+06
-4.806627545167660341e+06
-4.770349093039114028e+06
-4.734118042788542807e+06
-4.697934171043176204e+06
-4.661797257206995040e+06
-4.625707083411502652e+06
-4.589663434467446990e+06
-4.553666097817230038e+06
-4.517714863488925621e+06
-4.481809524051295593e+06
-4.445949874569890089e+06
-4.410135712564349174e+06
-4.374366837966304272e+06
-4.338643053078859113e+06
-4.302964162536785007e+06
-4.267329973267382011e+06
-4.231740294452802278e+06
-4.196194937493167818e+06
-4.160693715969665907e+06
-4.125236445610391907e+06
-4.089822944255091716e+06
-4.054453031821352430e+06
-4.019126530272684060e+06
-3.983843263585554436e+06
-3.948603057718282565e+06
-3.913405740580709185e+06
-3.878251142003955320e+06
-3.843139093711242080e+06
-3.808069429289617576e+06
-3.773041984161614906e+06
-3.738056595558523200e+06
-3.703113102493117563e+06
-3.668211345734524541e+06
-3.633351167781509459e+06
-3.598532412838962395e+06
-3.563754926792391110e+06
-3.529018557185111567e+06
-3.494323153194058221e+06
-3.459668565607830416e+06
-3.425054646803884301e+06
-3.390481250727084000e+06
-3.355948232868145686e+06
-3.321455450243168045e+06
-3.287002761372643057e+06
-3.252590026262031868e+06
-3.218217106382072903e+06
-3.183883864649304654e+06
-3.149590165407838766e+06
-3.115335874410711229e+06
-3.081120858801934868e+06
-3.046944987098765559e+06
-3.012808129175093491e+06
-2.978710156243364792e+06
-2.944650940839214250e+06
-2.910630356804564130e+06
-2.876648279271815438e+06
-2.842704584648298100e+06
-2.808799150601082481e+06
-2.774931856041524559e+06
-2.741102581111258361e+06
-2.707311207167088054e+06
-2.673557616767197382e+06
-2.639841693656980060e+06
-2.606163322755762376e+06
-2.572522390142983291e+06
-2.538918783045304473e+06
-2.505352389823456760e+06
-2.471823099960085936e+06
-2.438330804046270903e+06
-2.404875393770447001e+06
-2.371456761905566789e+06
-2.338074802297345363e+06
-2.304729409853082616e+06
-2.271420480529790744e+06
-2.238147911322975066e+06
-2.204911600255688187e+06
-2.171711446367888711e+06
-2.138547349704994354e+06
-2.105419211308178492e+06
-2.072326933203430381e+06
-2.039270418391611194e+06
-2.006249570838187356e+06
-1.973264295463646762e+06
-1.940314498133226531e+06
-1.907400085647948086e+06
-1.874520965734635247e+06
-1.841677047036653850e+06
-1.808868239104982000e+06
-1.776094452388970181e+06
-1.743355598227100214e+06
-1.710651588838828495e+06
-1.677982337315164274e+06
-1.645347757610776229e+06
-1.612747764534702990e+06
-1.580182273742848774e+06
-1.547651201729185646e+06
-1.515154465817571152e+06
-1.482691984154214151e+06
-1.450263675699207699e+06
-1.417869460218858439e+06
-1.385509258277889108e+06
-1.353182991232160479e+06
-1.320890581220234977e+06
-1.288631951156917261e+06
-1.256407024725090479e+06
-1.224215726368801668e+06
-1.192057981285788119e+06
-1.159933715420759283e+06
-1.127842855457479134e+06
-1.095785328812880209e+06
-1.063761063629229786e+06
-1.031769988767637406e+06
-9.998120338012319990e+05
-9.678871290087925736e+05
-9.359952053672058973e+05
-9.041361945460014977e+05
-8.723100289000184275e+05
-8.405166414632849628e+05
-8.087559659425534774e+05
-7.770279367111645406e+05
-7.453324888025117107e+05
-7.136695579037313582e+05
-6.820390803501541959e+05
-6.504409931185125606e+05
-6.188752338212450268e+05
-5.873417407004617853e+05
-5.558404526221319102e+05
-5.243713090696973959e+05
-4.929342501389569370e+05
-4.615292165317118051e+05
-4.301561495502051548e+05
-3.988149910914773354e+05
-3.675056836418232415e+05
-3.362281702706885408e+05
-3.049823946258247015e+05
-2.737683009272156050e+05
-2.425858339618545142e+05
-2.114349390781743568e+05
-1.803155621810044686e+05
-1.492276497255275026e+05
-1.181711487128603621e+05
-8.714600668404791213e+04
-5.615217171518703253e+04
-2.518959241210999608e+04
5.741782094489035444e+03
3.664200215472737182e+04
6.751111760414874880e+04
9.834917776875651907e+04
1.291562314703514567e+05
1.599323270312849781e+05
1.906775122794799390e+05
2.213918345530752849e+05
2.520753407059150632e+05
2.827280771115829702e+05
3.133500896688552457e+05
3.439414238061888027e+05
3.745021244865187909e+05
4.050322362117833691e+05
4.355318030281399842e+05
4.660008685298764613e+05
4.964394758645855472e+05
5.268476677375691943e+05
5.572254864164344035e+05
5.875729737352895318e+05
6.178901710999939824e+05
6.481771194917486282e+05
6.784338594721981790e+05
7.086604311874797568e+05
7.388568743728189729e+05
7.690232283565554535e+05
7.991595320650405483e+05
8.292658240263826447e+05
8.593421423748100642e+05
8.893885248554246500e+05
9.194050088276012102e+05
9.493916312698896509e+05
9.793484287836545845e+05
1.009275437597790849e+06
1.039172693572121207e+06
1.069040232202083338e+06
1.098878088622494834e+06
1.128686297611697577e+06
1.158464893595288973e+06
1.188213910650720354e+06
1.217933382510484429e+06
1.247623342566621490e+06
1.277283823874363443e+06
1.306914859156134306e+06
1.336516480805129278e+06
1.366088720889749238e+06
1.395631611156604253e+06
1.425145183034923626e+06
1.454629467640084215e+06
1.484084495777345961e+06
1.513510297945377650e+06
1.542906904340442969e+06
1.572274344859565841e+06
1.601612649104213109e+06
1.630921846384392353e+06
1.660201965721484507e+06
1.689453035852425266e+06
1.718675085232971469e+06
1.747868142041338375e+06
1.777032234181440435e+06
1.806167389286662685e+06
1.835273634723203490e+06
1.864350997593491105e+06
1.893399504739340860e+06
1.922419182745932834e+06
1.951410057944453089e+06
1.980372156415894395e+06
2.009305503994257888e+06
2.038210126269802917e+06
2.067086048592116684e+06
2.095933296073885635e+06
2.124751893593435641e+06
2.153541865798476618e+06
2.182303237108947709e+06
2.211036031720346771e+06
