4.347421247238764190e+05
4.343619529684864683e+05
4.339816665084800334e+05
4.336012644475504057e+05
4.332207458829552634e+05
4.328401099055489758e+05
4.324593555998096126e+05
4.320784820438798051e+05
4.316974883096081903e+05
4.313163734626058722e+05
4.309351365621921723e+05
4.305537766615364817e+05
4.301722928076575045e+05
4.297906840414219769e+05
4.294089493976047961e+05
4.290270879049378564e+05
4.286450985860867077e+05
4.282629804577691248e+05
4.278807325306969578e+05
4.274983538096404518e+05
4.271158432935188175e+05
4.267331999753058772e+05
4.263504228421514854e+05
4.259675108754046960e+05
4.255844630505908863e+05
4.252012783375235158e+05
4.248179557002208312e+05
4.244344940970070311e+05
4.240508924805302522e+05
4.236671497977754334e+05
4.232832649900688557e+05
4.228992369931571884e+05
4.225150647371660452e+05
4.221307471466557472e+05
4.217462831406505429e+05
4.213616716326256283e+05
4.209769115305719315e+05
4.205920017369519337e+05
4.202069411488104379e+05
4.198217286576749175e+05
4.194363631496776943e+05
4.190508435055151931e+05
4.186651686004453804e+05
4.182793373043868924e+05
4.178933484818157158e+05
4.175072009918700205e+05
4.171208936883236165e+05
4.167344254195900867e+05
4.163477950287253479e+05
4.159610013534756145e+05
4.155740432262223912e+05
4.151869194740708917e+05
4.147996289187668590e+05
4.144121703767506988e+05
4.140245426591393189e+05
4.136367445717564551e+05
4.132487749150833697e+05
4.128606324842993054e+05
4.124723160692605306e+05
4.120838244545001653e+05
4.116951564192147925e+05
4.113063107372676022e+05
4.109172861771741882e+05
4.105280815021114540e+05
4.101386954698520130e+05
4.097491268328357255e+05
4.093593743380714441e+05
4.089694367271845695e+05
4.085793127363621606e+05
4.081890010963524692e+05
4.077985005324215163e+05
4.074078097644158988e+05
4.070169275065779802e+05
4.066258524676877423e+05
4.062345833509376971e+05
4.058431188539196155e+05
4.054514576686341898e+05
4.050595984814007534e+05
4.046675399728761986e+05
4.042752808179835556e+05
4.038828196858977317e+05
4.034901552399804932e+05
4.030972861377633526e+05
4.027042110308912816e+05
4.023109285650806851e+05
4.019174373800696922e+05
4.015237361095690285e+05
4.011298233812227263e+05
4.007356978165227338e+05
4.003413580307678785e+05
3.999468026330285356e+05
3.995520302260535536e+05
3.991570394062320702e+05
3.987618287634880398e+05
3.983663968812651001e+05
3.979707423363998532e+05
3.975748636991177336e+05
3.971787595328713069e+05
3.967824283943347982e+05
3.963858688332898892e+05
3.959890793925476028e+05
3.955920586078387569e+05
3.951948050077902153e+05
3.947973171137372847e+05
3.943995934396996745e+05
3.940016324922741624e+05
3.936034327704924508e+05
3.932049927657682565e+05
3.928063109617528389e+05
3.924073858342306921e+05
3.920082158510212903e+05
3.916087994718339178e+05
3.912091351481655729e+05
3.908092213231776841e+05
3.904090564315590309e+05
3.900086388993962319e+05
3.896079671440187376e+05
3.892070395739070955e+05
3.888058545884949854e+05
3.884044105780700920e+05
3.880027059235431370e+05
3.876007389964293689e+05
3.871985081585346488e+05
3.867960117618999211e+05
3.863932481485722237e+05
3.859902156504863524e+05
3.855869125892228330e+05
3.851833372758740443e+05
3.847794880108505022e+05
3.843753630836478551e+05
3.839709607727194671e+05
3.835662793452185579e+05
3.831613170568243368e+05
3.827560721515013720e+05
3.823505428612983087e+05
3.819447274061429780e+05
3.815386239935958874e+05
3.811322308185910224e+05
3.807255460632478353e+05
3.803185678965831175e+05
3.799112944742925465e+05
3.795037239384783898e+05
3.790958544173831469e+05
3.786876840251018875e+05
3.782792108613635646e+05
3.778704330111771123e+05
3.774613485445991391e+05
3.770519555164030753e+05
3.766422519657724188e+05
3.762322359160316992e+05
3.758219053742766846e+05
3.754112583310762420e+05
3.750002927601421252e+05
3.745890066179748974e+05
3.741773978435228928e+05
3.737654643577976385e+05
3.733532040635642479e+05
3.729406148449077155e+05
3.725276945668991539e+05
3.721144410751538235e+05
3.717008521954857861e+05
3.712869257334452705e+05
3.708726594739321154e+05
3.704580511807506555e+05
3.700430985961790429e+05
3.696277994405056816e+05
3.692121514116034959e+05
3.687961521843975643e+05
3.683797994104464306e+05
3.679630907174154418e+05
3.675460237085841945e+05
3.671285959623001399e+05
3.667108050315201981e+05
3.662926484431938734e+05
3.658741236977407825e+05
3.654552282685188111e+05
3.650359596011926187e+05
3.646163151132009225e+05
3.641962921930473531e+05
3.637758881997767603e+05
3.633551004623432527e+05
3.629339262788993074e+05
3.625123629161930294e+05
3.620904076088464353e+05
3.616680575586873456e+05
3.612453099340106128e+05
3.608221618688921444e+05
3.603986104624000727e+05
3.599746527778935852e+05
3.595502858421418350e+05
3.591255066446571727e+05
3.587003121367894346e+05
3.582746992309089401e+05
3.578486647996001411e+05
3.574222056746778544e+05
3.569953186463892343e+05
3.565680004624814610e+05
3.561402478272754815e+05
3.557120574006430106e+05
3.552834257971019251e+05
3.548543495847497834e+05
3.544248252843315713e+05
3.539948493679768289e+05
3.535644182583853253e+05
3.531335283275363036e+05
3.527021758956776466e+05
3.522703572301090462e+05
3.518380685439137160e+05
3.514053059949140297e+05
3.509720656843438628e+05
3.505383436556148808e+05
3.501041358928624541e+05
3.496694383198390133e+05
3.492342467984493123e+05
3.487985571272506495e+05
3.483623650402036728e+05
3.479256662050652085e+05
3.474884562219501240e+05
3.470507306217708392e+05
3.466124848646864993e+05
3.461737143384199007e+05
3.457344143567141145e+05
3.452945801575000514e+05
3.448542069012768916e+05
3.444132896692674258e+05
3.439718234616306727e+05
3.435298031955254846e+05
3.430872237032807316e+05
3.426440797303895233e+05
3.422003659334923141e+05
3.417560768783314852e+05
3.413112070376226911e+05
3.408657507888894761e+05
3.404197024122906732e+05
3.399730560882393038e+05
3.395258058951766579e+05
3.390779458071297850e+05
3.386294696912668878e+05
3.381803713053950923e+05
3.377306442953530350e+05
3.372802821923980373e+05
3.368292784104900202e+05
3.363776262435137760e+05
3.359253188624173054e+05
3.354723493123137741e+05
3.350187105094579747e+05
3.345643952382098068e+05
3.341093961478504934e+05
3.336537057493735920e+05
3.331973164121650625e+05
3.327402203606124385e+05
3.322824096705980483e+05
3.318238762659505010e+05
3.313646119147627614e+05
3.309046082256308291e+05
3.304438566438064445e+05
3.299823484472549171e+05
3.295200747425403097e+05
3.290570264607121353e+05
3.285931943530464196e+05
3.281285689866152243e+05
3.276631407398115844e+05
3.271968997977586114e+05
3.267298361475766287e+05
3.262619395735057187e+05
3.257931996519388631e+05
3.253236057463516481e+05
3.248531470020080451e+05
3.243818123406420345e+05
3.239095904549048864e+05
3.234364698027161066e+05
3.229624386015213095e+05
3.224874848222397268e+05
3.220115961832547328e+05
3.215347601441140287e+05
3.210569638991141110e+05
3.205781943707047612e+05
3.200984382027342217e+05
3.196176817535608425e+05
3.191359110888905125e+05
3.186531119745061151e+05
3.181692698688228265e+05
3.176843699151863693e+05
3.171983969340311596e+05
3.167113354147968930e+05
3.162231695077097393e+05
3.157338830152699375e+05
3.152434593835691921e+05
3.147518816933941562e+05
3.142591326510923682e+05
3.137651945792152546e+05
3.132700494069264969e+05
3.127736786601506756e+05
3.122760634515198180e+05
3.117771844700752990e+05
3.112770219706068747e+05
3.107755557628864772e+05
3.102727652005616692e+05
3.097686291697333218e+05
3.092631260773707763e+05
3.087562338393265381e+05
3.082479298681702930e+05
3.077381910606473684e+05
3.072269937849047710e+05
3.067143138673750800e+05
3.062001265793648781e+05
3.056844066233582562e+05
3.051671281189473812e+05
3.046482645885089878e+05
3.041277889425046160e+05
3.036056734644640819e+05
3.030818897956499713e+05
3.025564089193703840e+05
3.020292011449295678e+05
3.015002360912773875e+05
3.009694826702780556e+05
3.004369090695912018e+05
2.999024827352933353e+05
2.993661703540238086e+05
2.988279378348657629e+05
2.982877502907704911e+05
2.977455720197220217e+05
2.972013664854414528e+05
2.966550962977514719e+05
2.961067231926185195e+05
2.955562080117368605e+05
2.950035106818476343e+05
2.944485901936211158e+05
2.938914045801710454e+05
2.933319108952857787e+05
2.927700651912150206e+05
2.922058224961661035e+05
2.916391367914183647e+05
2.910699609881262295e+05
2.904982469037845731e+05
2.899239452383523458e+05
2.893470055500919116e+05
2.887673762310955790e+05
2.881850044825617224e+05
2.875998362897211337e+05
2.870118163965751301e+05
2.864208882803897141e+05
2.858269941259581828e+05
2.852300747996291029e+05
2.846300698232675204e+05
2.840269173479382880e+05
2.834205541275781579e+05
2.828109154925083276e+05
2.821979353229274275e+05
2.815815460223742411e+05
2.809616784911999712e+05
2.803382621000926010e+05
2.797112246637318167e+05
2.790804924145522527e+05
2.784459899767400348e+05
2.778076403404702432e+05
2.771653648364230176e+05
2.765190831107427948e+05
2.758687131003451650e+05
2.752141710088102263e+05
2.745553712827904965e+05
2.738922265891500283e+05
2.732246477927529486e+05
2.725525439351492096e+05
2.718758222141881706e+05
2.711943879645892303e+05
2.705081446396854590e+05
2.698169937944248086e+05
2.691208350696303532e+05
2.684195661778132780e+05
2.677130828905727831e+05
2.670012790276645101e+05
2.662840464480197988e+05
2.655612750427085557e+05
2.648328527301553986e+05
2.640986654535947600e+05
2.633585971810832852e+05
2.626125299081750563e+05
2.618603436634382815e+05
2.611019165170190099e+05
2.603371245924609830e+05
2.595658420819361636e+05
2.587879412651438615e+05
2.580032925321101793e+05
2.572117644100269536e+05
2.564132235944664862e+05
2.556075349851684878e+05
2.547945617265833134e+05
2.539741652535746689e+05
2.531462053423548059e+05
2.523105401670778519e+05
2.514670263622931379e+05
2.506155190914723207e+05
2.497558721220244770e+05
2.488879379070061259e+05
2.480115676737262402e+05
2.471266115197793406e+05
2.462329185164899100e+05
2.453303368203363207e+05
2.444187137924348062e+05
2.434978961264953832e+05
2.425677299854947778e+05
2.416280611473458121e+05
2.406787351598532405e+05
2.397195975051494315e+05
2.387504937740423193e+05
2.377712698503195425e+05
2.367817721053297282e+05
2.357818476031404571e+05
2.347713443163199699e+05
2.337501113526312693e+05
2.327179991927678930e+05
2.316748599392457108e+05
2.306205475766248710e+05
2.295549182430145156e+05
2.284778305130744993e+05
2.273891456923051155e+05
2.262887281228817883e+05
2.251764455006124335e+05
2.240521692032408901e+05
2.229157746296443511e+05
2.217671415499406867e+05
2.206061544660144136e+05
2.194327029823302000e+05
2.182466821864712110e+05
2.170479930390723748e+05
2.158365427725511545e+05
2.146122452980265953e+05
2.133750216198522248e+05
2.121248002569112286e+05
2.108615176699383301e+05
2.095851186938847532e+05
2.082955569744730601e+05
2.069927954077278264e+05
2.056768065815007722e+05
2.043475732175970625e+05
2.030050886133903405e+05
2.016493570813638507e+05
2.002803943852194934e+05
1.988982281709838717e+05
1.975028983915087301e+05
1.960944577226396068e+05
1.946729719693664229e+05
1.932385204600779107e+05
1.917911964271262405e+05
1.903311073716720857e+05
1.888583754110280424e+05
1.873731376063177886e+05
1.858755462686026294e+05
1.843657692413340264e+05
1.828439901571832888e+05
1.813104086671996338e+05
1.797652406402726483e+05
1.782087183310366527e+05
1.766410905141409894e+05
1.750626225832103228e+05
1.734735966125729610e+05
1.718743113801581203e+05
1.702650823499331018e+05
1.686462416124544689e+05
1.670181377821262286e+05
1.653811358501178620e+05
1.637356169917343068e+05
1.620819783275933878e+05
1.604206326377734367e+05
1.587520080286225129e+05
1.570765475518346066e+05
1.553947087759335118e+05
1.537069633101932122e+05
1.520137962815698120e+05
1.503157057652505173e+05
1.486132021697582677e+05
1.469068075777802733e+05
1.451970550441893865e+05
1.434844878528181871e+05
1.417696587339767721e+05
1.400531290448381042e+05
1.383354679150232696e+05
1.366172513600262755e+05
1.348990613651851600e+05
1.331814849433090712e+05
1.314651131689814792e+05
1.297505401929602376e+05
1.280383622400779568e+05
1.263291765942653437e+05
1.246235805742898083e+05
1.229221705041007226e+05
1.212255406814247981e+05
1.195342823485690460e+05
1.178489826692079223e+05
1.161702237149916764e+05
1.144985814657123119e+05
1.128346248267955816e+05
1.111789146676523087e+05
1.095320028844302142e+05
1.078944314905128995e+05
1.062667317379585875e+05
1.046494232728589413e+05
1.030430133275771950e+05
1.014479959522803401e+05
9.986485128834693751e+04
9.829404488569052774e+04
9.673602706595217751e+04
9.519123233320709551e+04
9.366007883359554398e+04
9.214296786499062728e+04
9.064028343757030962e+04
8.915239188596510212e+04
8.767964153320275364e+04
8.622236240667554375e+04
8.478086600584328698e+04
8.335544512139534345e+04
8.194637370511953486e+04
8.055390678969987493e+04
7.917828045736064087e+04
7.781971185609241365e+04
7.647839926200167974e+04
7.515452218626260583e+04
7.384824152480158955e+04
7.255969974892975006e+04
7.128902113486934104e+04
7.003631203010131139e+04
6.880166115430713398e+04
6.758513993273692904e+04
6.638680285959060711e+04
6.520668788916935591e+04
6.404481685239769286e+04
6.290119589634872682e+04
6.177581594442186906e+04
6.066865317485368723e+04
5.957966951522567979e+04
5.850881315071001882e+04
5.745601904389004631e+04
5.642120946393458144e+04
5.540429452310685883e+04
5.440517271856561274e+04
5.342373147759248241e+04
5.245984770434018719e+04
5.151338832644245122e+04
5.058421083978737443e+04
4.967216384995420231e+04
4.877708760881319904e+04
4.789881454503531859e+04
4.703716978717179154e+04
4.619197167824201460e+04
4.536303228074956860e+04
4.455015787121177709e+04
4.375314942331468774e+04
4.297180307902137429e+04
4.220591060688066500e+04
4.145525984704671282e+04
4.071963514246924751e+04
3.999881775588500750e+04
3.929258627225622331e+04
3.860071698641697731e+04
3.792298427574850939e+04
3.725916095772431436e+04
3.660901863232779579e+04
3.597232800927494827e+04
3.534885922013411619e+04
3.473838211541838973e+04
3.414066654681068758e+04
3.355548263466513163e+04
3.298260102106268459e+04
3.242179310860390615e+04
3.187283128527929148e+04
3.133548913567118143e+04
3.080954163886331662e+04
3.029476535336332745e+04
2.979093858943013402e+04
2.929784156917596192e+04
2.881525657483119721e+04
2.834296808556129690e+04
2.788076290327024617e+04
2.742843026775753970e+04
2.698576196167595481e+04
2.655255240568444424e+04
2.612859874421294808e+04
2.571370092224712789e+04
2.530766175354107327e+04
2.491028698065942081e+04
2.452138532723236131e+04
2.414076854283853754e+04
2.376825144086372165e+04
2.340365192973151716e+04
2.304679103786075211e+04
2.269749293270565977e+04
2.235558493421215826e+04
2.202089752304798822e+04
2.169326434389816859e+04
2.137252220416859927e+04
2.105851106836983308e+04
2.075107404850288003e+04
2.045005739069189440e+04
2.015531045836222620e+04
1.986668571219766818e+04
1.958403868714278724e+04
1.930722796666005161e+04
1.903611515450184015e+04
1.877056484417116371e+04
1.851044458630818190e+04
1.825562485417712014e+04
1.800597900744465005e+04
1.776138325442305359e+04
1.752171661294115984e+04
1.728686087000484622e+04
1.705670054038486705e+04
1.683112282428425897e+04
1.661001756420142556e+04
1.639327720112440147e+04
1.618079673016421839e+04
1.597247365574041396e+04
1.576820794641334214e+04
1.556790198946940473e+04
1.537146054533234746e+04
1.517879070189705999e+04
1.498980182885409158e+04
1.480440553207843914e+04
1.462251560814394543e+04
1.444404799903569801e+04
1.426892074709871486e+04
1.409705395029206375e+04
1.392836971777796498e+04
1.376279212590897623e+04
1.360024717463058732e+04
1.344066274435205924e+04
1.328396855330881772e+04
1.313009611544670042e+04
1.297897869885629916e+04
1.283055128477679136e+04
1.268475052719276391e+04
1.254151471303775543e+04
1.240078372302745083e+04
1.226249899312463822e+04
1.212660347665827976e+04
1.199304160709737698e+04
1.186175926149393308e+04
1.173270372459226746e+04
1.160582365362079508e+04
1.148106904375492741e+04
1.135839119426567959e+04
1.123774267534444698e+04
1.111907729561042834e+04
1.100235007028993095e+04
1.088751719007653810e+04
1.077453599065562048e+04
1.066336492289916714e+04
1.055396352371675130e+04
1.044629238756604173e+04
1.034031313860516457e+04
1.023598840349121383e+04
1.013328178480743918e+04
1.003215783511838708e+04
9.932582031638867193e+03
9.834520751512180141e+03
9.737941247686840143e+03
9.642811625380159967e+03
9.549100819124678310e+03
9.456778570380831297e+03
9.365815405711908170e+03
9.276182615506782895e+03
9.187852233243944283e+03
9.100797015282132634e+03
9.014990421173031791e+03
8.930406594479432897e+03
8.847020344094053144e+03
8.764807126044308461e+03
8.683743025776713694e+03
8.603804740906407460e+03
8.524969564425588032e+03
8.447215368358007254e+03
8.370520587850736774e+03
8.294864205692405449e+03
8.220225737250646489e+03
8.146585215812298884e+03
8.073923178328110225e+03
8.002220651539104438e+03
7.931459138485941367e+03
7.861620605386946409e+03
7.792687468875723425e+03
7.724642583592330084e+03
7.657469230114450511e+03
7.591151103226484338e+03
7.525672300510612331e+03
7.461017311257507572e+03
7.397171005685520868e+03
7.334118624461360923e+03
7.271845768512860559e+03
7.210338389129329698e+03
7.149582778337953641e+03
7.089565559551893784e+03
7.030273678482056312e+03
6.971694394304592606e+03
6.913815271077090074e+03
6.856624169400222854e+03
6.800109238311883018e+03
6.744258907413838642e+03
6.689061879219916591e+03
6.634507121722925149e+03
6.580583861170625823e+03
6.527281575049862113e+03
6.474589985267991324e+03
6.422499051528310702e+03
6.370998964897268706e+03
6.320080141550652115e+03
6.269733216701106358e+03
6.219949038697197466e+03
6.170718663291998382e+03
6.122033348073852721e+03
6.073884547056873998e+03
6.026263905425241319e+03
5.979163254428526670e+03
5.932574606420347664e+03
5.886490150041518973e+03
5.840902245538172792e+03
5.795803420214230755e+03
5.751186364014009087e+03
5.707043925230066634e+03
5.663369106333081618e+03
5.620155059921371503e+03
5.577395084785102881e+03
5.535082622082404669e+03
5.493211251624314173e+03
5.451774688265757504e+03
5.410766778397712187e+03
5.370181496541106753e+03
5.330012942034865773e+03
5.290255335819207176e+03
5.250903017310072755e+03
5.211950441361326739e+03
5.173392175313154439e+03
5.135222896123851569e+03
5.097437387582421252e+03
5.060030537599655872e+03
5.022997335575598299e+03
4.986332869840939566e+03
4.950032325170779586e+03
4.914090980366571785e+03
4.878504205908430777e+03
4.843267461670557168e+03
4.808376294702014093e+03
4.773826337068990142e+03
4.739613303757510039e+03
4.705732990633899135e+03
4.672181272462876223e+03
4.638954100979508439e+03
4.606047503015789516e+03
4.573457578678160644e+03
4.541180499576114016e+03
4.509212507098613969e+03
4.477549910739518964e+03
4.446189086467608831e+03
4.415126475141913033e+03
4.384358580971104857e+03
4.353881970013716455e+03
4.323693268720296146e+03
4.293789162515307908e+03
4.264166394416954063e+03
4.234821763694883884e+03
4.205752124564333826e+03
4.176954384915636183e+03
4.148425505077676462e+03
4.120162496614955671e+03
4.092162421156974688e+03
4.064422389258836120e+03
4.036939559292618924e+03
4.009711136368111966e+03
3.982734371282701431e+03
3.956006559498368915e+03
3.929525040147078926e+03
3.903287195061396233e+03
3.877290447831132497e+03
3.851532262885022647e+03
3.826010144596432838e+03
3.800721636412004955e+03
3.775664320004343608e+03
3.750835814445314554e+03
3.726233775401734874e+03
3.701855894352411269e+03
3.677699897824072195e+03
3.653763546648064221e+03
3.630044635236355134e+03
3.606540990875290390e+03
3.583250473037983738e+03
3.560170972714442087e+03
3.537300411758313203e+03
3.514636742250530006e+03
3.492177945879061099e+03
3.469922033334276875e+03
3.447867043719517369e+03
3.426011043976571273e+03
3.404352128325491321e+03
3.382888417718580513e+03
3.361618059307404565e+03
3.340539225923985668e+03
3.319650115573906987e+03
3.298948950942501597e+03
3.278433978912913517e+03
3.258103470096335514e+03
3.237955718372946649e+03
3.217989040445313094e+03
3.198201775401251780e+03
3.178592284288025439e+03
3.159158949697014577e+03
3.139900175357787703e+03
3.120814385742237846e+03
3.101900025678076418e+03
3.083155559971628008e+03
3.064579473039440927e+03
3.046170268548738932e+03
3.027926469066107074e+03
3.009846615714860491e+03
2.991929267839795102e+03
2.974173002680564423e+03
2.956576415051644290e+03
2.939138117030661761e+03
2.921856737653276923e+03
2.904730922615375675e+03
2.887759333981754480e+03
2.870940649902030145e+03
2.854273564332196656e+03
2.837756786763250602e+03
2.821389041955455014e+03
2.805169069678658161e+03
2.789095624458395832e+03
2.773167475327921238e+03
2.757383405585286255e+03
2.741742212556087452e+03
2.726242707361356224e+03
2.710883714690571196e+03
2.695664072579417279e+03
2.680582632192676556e+03
2.665638257611750760e+03
2.650829825626217826e+03
2.636156225530900429e+03
2.621616358926368775e+03
2.607209139523988142e+03
2.592933492955191014e+03
2.578788356584680059e+03
2.564772679327402329e+03
2.550885421469814446e+03
2.537125554494203698e+03
2.523492060907235555e+03
2.509983934071710792e+03
2.496600178041793242e+03
2.483339807401845974e+03
2.470201847108217862e+03
2.457185332334393024e+03
2.444289308319531301e+03
2.431512830219216085e+03
2.418854962960417197e+03
2.406314781098166350e+03
2.393891368675687318e+03
2.381583819087401480e+03
2.369391234944056578e+03
2.357312727940936838e+03
2.345347418728547837e+03
2.333494436785789730e+03
2.321752920295336935e+03
2.310122016021866330e+03
2.298600879192184038e+03
2.287188673377878786e+03
2.275884570380017976e+03
2.264687750116194820e+03
2.253597400509434920e+03
2.242612717379535752e+03
2.231732904336030060e+03
2.220957172673340210e+03
2.210284741267865229e+03
2.199714836476847267e+03
2.189246692039010668e+03
2.178879548977390186e+03
2.168612655503255610e+03
2.158445266922517021e+03
2.148376645542924507e+03
2.138406060583874478e+03
2.128532788087031349e+03
2.118756110828735927e+03
2.109075318234338738e+03
2.099489706293331437e+03
2.089998577476582795e+03
2.080601240654517369e+03
2.071297011017134992e+03
2.062085209994820616e+03
2.052965165181184602e+03
2.043936210256610366e+03
2.034997684913440708e+03
2.026148934782299420e+03
2.017389311359607973e+03
2.008718171936248609e+03
2.000134879527659450e+03
1.991638802804767010e+03
1.983229316026207471e+03
1.974905798971575905e+03
1.966667636875952439e+03
1.958514220365052779e+03
1.950444945391900319e+03
1.942459213174153092e+03
1.934556430132672176e+03
1.926736007830769267e+03
1.918997362914742553e+03
1.911339917055065825e+03
1.903763096888609425e+03
1.896266333961812506e+03
1.888849064674550164e+03
1.881510730225035786e+03
1.874250776555410994e+03
1.867068654298412412e+03
1.859963818724427256e+03
1.852935729689803793e+03
1.845983851585559933e+03
1.839107653287076346e+03
1.832306608104496490e+03
1.825580193733777605e+03
1.818927892208484536e+03
1.812349189852440759e+03
1.805843577232736379e+03
1.799410549113825255e+03
1.793049604411899509e+03
1.786760246150267221e+03
1.780541981414991369e+03
1.774394321311527165e+03
1.768316780921750478e+03
1.762308879261582206e+03
1.756370139239382070e+03
1.750500087614720996e+03
1.744698254957849031e+03
1.738964175609661424e+03
1.733297387642337071e+03
1.727697432820247968e+03
1.722163856561772491e+03
1.716696207901328989e+03
1.711294039451992603e+03
1.705956907368727343e+03
1.700684371312024496e+03
1.695475994411988268e+03
1.690331343232977588e+03
1.685249987738669461e+03
1.680231501257700756e+03
1.675275460449457796e+03
1.670381445270734503e+03
1.665549038942455127e+03
1.660777827917055902e+03
1.656067401846222765e+03
1.651417353549022209e+03
1.646827278980347046e+03
1.642296777200134784e+03
1.637825450342475733e+03
1.633412903585436879e+03
1.629058745121230459e+03
1.624762586126679707e+03
1.620524040734064783e+03
1.616342726002394102e+03
1.612218261889022187e+03
1.608150271221542653e+03
1.604138379670079530e+03
1.600182215719980377e+03
1.596281410644784046e+03
1.592435598479436749e+03
1.588644415993991743e+03
1.584907502667600966e+03
1.581224500662643322e+03
1.577595054799440959e+03
1.574018812531100593e+03
1.570495423918571078e+03
1.567024541606351477e+03
1.563605820798085688e+03
1.560238919232624539e+03
1.556923497160518082e+03
1.553659217320450807e+03
1.550445744916274862e+03
1.547282747594124430e+03
1.544169895419817522e+03
1.541106860856642925e+03
1.538093318743209920e+03
1.535128946271733412e+03
1.532213422966486633e+03
1.529346430662466219e+03
1.526527653484442681e+03
1.523756777826067719e+03
1.521033492329307364e+03
1.518357487864191626e+03
1.515728457508608699e+03
1.513146096528559383e+03
1.510610102358375798e+03
1.508120174581353922e+03
1.505676014910568711e+03
1.503277327169848604e+03
1.500923817274969906e+03
1.498615193215089676e+03
1.496351165034478299e+03
1.494131444814193401e+03
1.491955746654233508e+03
1.489823786655703316e+03
1.487735282903342068e+03
1.485689955447966895e+03
1.483687526289493007e+03
1.481727719359809271e+03
1.479810260505972565e+03
1.477934877473580855e+03
