2.196410914728249550e+09
2.197802759021919727e+09
2.199197565894781590e+09
2.200595348004593849e+09
2.201996118096187592e+09
2.203399889002084255e+09
2.204806673643078327e+09
2.206216485028713226e+09
2.207629336258352757e+09
2.209045240521254063e+09
2.210464211097351551e+09
2.211886261358034611e+09
2.213311404766911983e+09
2.214739654880192280e+09
2.216171025347389221e+09
2.217605529912292957e+09
2.219043182413259029e+09
2.220483996784319401e+09
2.221927987055556297e+09
2.223375167354073048e+09
2.224825551904658318e+09
2.226279155030392647e+09
2.227735991153660774e+09
2.229196074796833992e+09
2.230659420582924366e+09
2.232126043236696243e+09
2.233595957585152626e+09
2.235069178558510303e+09
2.236545721191092968e+09
2.238025600622103691e+09
2.239508832096492290e+09
2.240995430966060638e+09
2.242485412689977646e+09
2.243978792835966587e+09
2.245475587081238747e+09
2.246975811213313103e+09
2.248479481131049633e+09
2.249986612845670700e+09
2.251497222481721401e+09
2.253011326277940750e+09
2.254528940588629246e+09
2.256050081884378433e+09
2.257574766753284454e+09
2.259103011902099133e+09
2.260634834157056808e+09
2.262170250465367317e+09
2.263709277896215916e+09
2.265251933641863346e+09
2.266798235018691063e+09
2.268348199468814373e+09
2.269901844560935497e+09
2.271459187991878510e+09
2.273020247587713718e+09
2.274585041304944038e+09
2.276153587232038975e+09
2.277725903590731621e+09
2.279302008737262249e+09
2.280881921163899422e+09
2.282465659500250340e+09
2.284053242514861584e+09
2.285644689116490364e+09
2.287240018355742931e+09
2.288839249426557541e+09
2.290442401667826653e+09
2.292049494564715862e+09
2.293660547750695229e+09
2.295275581008742332e+09
2.296894614273427486e+09
2.298517667632194042e+09
2.300144761327497482e+09
2.301775915758184910e+09
2.303411151481782436e+09
2.305050489215705395e+09
2.306693949839726925e+09
2.308341554397315502e+09
2.309993324098273754e+09
2.311649280319930077e+09
2.313309444609789848e+09
2.314973838687186718e+09
2.316642484445642948e+09
2.318315403954874039e+09
2.319992619462853909e+09
2.321674153398226261e+09
2.323360028372546673e+09
2.325050267182490349e+09
2.326744892812154293e+09
2.328443928435739517e+09
2.330147397419590473e+09
2.331855323325068474e+09
2.333567729910758495e+09
2.335284641135266781e+09
2.337006081159946918e+09
2.338732074351208210e+09
2.340462645283738613e+09
2.342197818742938042e+09
2.343937619728066444e+09
2.345682073454836369e+09
2.347431205358843327e+09
2.349185041097976685e+09
2.350943606556266308e+09
2.352706927846432686e+09
2.354475031313318253e+09
2.356247943537419319e+09
2.358025691337756634e+09
2.359808301775842190e+09
2.361595802158784389e+09
2.363388220042957306e+09
2.365185583237961292e+09
2.366987919809788227e+09
2.368795258085226536e+09
2.370607626655155182e+09
2.372425054379050255e+09
2.374247570388694763e+09
2.376075204092457771e+09
2.377907985179520607e+09
2.379745943624115467e+09
2.381589109690050602e+09
2.383437513935047626e+09
2.385291187215642452e+09
2.387150160691611290e+09
2.389014465830733299e+09
2.390884134414134502e+09
2.392759198540813446e+09
2.394639690633001804e+09
2.396525643441482067e+09
2.398417090050806999e+09
2.400314063884828568e+09
2.402216598712287903e+09
2.404124728652686596e+09
2.406038488181825638e+09
2.407957912138206005e+09
2.409883035728773594e+09
2.411813894535474777e+09
2.413750524521497250e+09
2.415692962037961483e+09
2.417641243830378532e+09
2.419595407045979977e+09
2.421555489240074635e+09
2.423521528383905411e+09
2.425493562871585846e+09
2.427471631527814388e+09
2.429455773615311146e+09
2.431446028843165398e+09
2.433442437374427795e+09
2.435445039834743023e+09
2.437453877320528984e+09
2.439468991407826424e+09
2.441490424161115646e+09
2.443518218142277718e+09
2.445552416420199394e+09
2.447593062580057621e+09
2.449640200733045101e+09
2.451693875526646614e+09
2.453754132154587746e+09
2.455821016367604733e+09
2.457894574483872890e+09
2.459974853400495529e+09
2.462061900604282379e+09
2.464155764183904648e+09
2.466256492841259956e+09
2.468364135903980255e+09
2.470478743337774754e+09
2.472600365759374619e+09
2.474729054449479103e+09
2.476864861366398335e+09
2.479007839159680843e+09
2.481158041184639931e+09
2.483315521516478062e+09
2.485480334965412140e+09
2.487652537092009068e+09
2.489832184222928047e+09
2.492019333466873169e+09
2.494214042731288910e+09
2.496416370739360332e+09
2.498626377047356129e+09
2.500844122062548637e+09
2.503069667061750412e+09
2.505303074210143089e+09
2.507544406580451012e+09
2.509793728173120499e+09
2.512051103936705589e+09
2.514316599788889885e+09
2.516590282638052940e+09
2.518872220405426979e+09
2.521162482048035145e+09
2.523461137582021236e+09
2.525768258106694221e+09
2.528083915829404354e+09
2.530408184090997219e+09
2.532741137391667366e+09
2.535082851418354988e+09
2.537433403072148800e+09
2.539792870496531487e+09
2.542161333107037067e+09
2.544538871621185780e+09
2.546925568089214802e+09
2.549321505926250935e+09
2.551726769945074081e+09
2.554141446389331341e+09
2.556565622969040394e+09
2.558999388895409107e+09
2.561442834918462276e+09
2.563896053364036083e+09
2.566359138173414230e+09
2.568832184942823887e+09
2.571315290965405464e+09
2.573808555272879601e+09
2.576312078679879665e+09
2.578825963829024792e+09
2.581350315237067699e+09
2.583885239342708111e+09
2.586430844556262493e+09
2.588987241310033798e+09
2.591554542110531807e+09
2.594132861592778683e+09
2.596722316575355053e+09
2.599323026118034363e+09
2.601935111580378056e+09
2.604558696682715416e+09
2.607193907568758965e+09
2.609840872870463848e+09
2.612499723773900032e+09
2.615170594088722706e+09
2.617853620318578243e+09
2.620548941734038830e+09
2.623256700448202133e+09
2.625977041493905544e+09
2.628710112904425144e+09
2.631456065795415878e+09
2.634215054450731277e+09
2.636987236409964561e+09
2.639772772559417725e+09
2.642571827225311279e+09
2.645384568271187305e+09
2.648211167196509361e+09
2.651051799240371227e+09
2.653906643487164497e+09
2.656775882976548195e+09
2.659659704816133499e+09
2.662558300298616886e+09
2.665471865021862507e+09
2.668400599013824463e+09
2.671344706860600948e+09
2.674304397839206696e+09
2.677279886054602146e+09
2.680271390580814838e+09
2.683279135607413292e+09
2.686303350589917660e+09
2.689344270405628204e+09
2.692402135514639378e+09
2.695477192125640392e+09
2.698569692367940426e+09
2.701679894468235970e+09
2.704808062934154034e+09
2.707954468742786884e+09
2.711119389536857128e+09
2.714303109825941563e+09
2.717505921195146561e+09
2.720728122520729542e+09
2.723970020192415714e+09
2.727231928343774319e+09
2.730514169089565754e+09
2.733817072771252632e+09
2.737140978211089611e+09
2.740486232973980904e+09
2.743853193638466358e+09
2.747242226077012539e+09
2.750653705744811058e+09
2.754088017979468346e+09
2.757545558309394360e+09
2.761026732773460388e+09
2.764531958251245499e+09
2.768061662803481102e+09
2.771616286025232315e+09
2.775196279409797192e+09
2.778802106725456715e+09
2.782434244404534817e+09
2.786093181945388794e+09
2.789779422328313351e+09
2.793493482445048332e+09
2.797235893542664528e+09
2.801007201682427883e+09
2.804807968213902473e+09
2.808638770265301228e+09
2.812500201249319553e+09
2.816392871387390137e+09
2.820317408249701500e+09
2.824274457314708233e+09
2.828264682546348095e+09
2.832288766991372108e+09
2.836347413395503521e+09
2.840441344841114521e+09
2.844571305405535698e+09
2.848738060841483593e+09
2.852942399279911041e+09
2.857185131956193924e+09
2.861467093960519314e+09
2.865789145012685776e+09
2.870152170263078690e+09
2.874557081119264603e+09
2.879004816100602150e+09
2.883496341720037460e+09
2.888032653395759106e+09
2.892614776391625881e+09
2.897243766789396286e+09
2.901920712491466522e+09
2.906646734257161140e+09
2.911422986772037506e+09
2.916250659751965523e+09
2.921130979082653522e+09
2.926065207995912075e+09
2.931054648283899784e+09
2.936100641551329613e+09
2.941204570508368492e+09
2.946367860304420948e+09
2.951591979903791904e+09
2.956878443504499912e+09
2.962228812002709389e+09
2.967644694501605511e+09
2.973127749868020535e+09
2.978679688336960316e+09
2.984302273165976048e+09
2.989997322339805603e+09
2.995766710327473164e+09
3.001612369892695904e+09
3.007536293958731174e+09
3.013540537529565811e+09
3.019627219668380260e+09
3.025798525534331799e+09
3.032056708480193615e+09
3.038404092210287094e+09
3.044843073002257824e+09
3.051376121992166519e+09
3.058005787525129795e+09
3.064734697572957039e+09
3.071565562219646454e+09
3.078501176215846062e+09
3.085544421604705334e+09
3.092698270418642044e+09
3.099965787449648857e+09
3.107350133093541145e+09
3.114854566269791126e+09
3.122482447417173386e+09
3.130237241567048073e+09
3.138122521495072365e+09
3.146141970951756477e+09
3.154299387973036766e+09
3.162598688271284103e+09
3.171043908707982063e+09
3.179639210847532272e+09
3.188388884593307495e+09
3.197297351905951023e+09
3.206369170604102135e+09
3.215609038246799946e+09
3.225021796098985195e+09
3.234612433177474022e+09
3.244386090378170013e+09
3.254348064683891296e+09
3.264503813450351715e+09
3.274858958770349026e+09
3.285419291914047241e+09
3.296190777843092442e+09
3.307179559796943188e+09
3.318391963948572636e+09
3.329834504127186775e+09
3.341513886603538036e+09
3.353437014935597420e+09
3.365610994869991779e+09
3.378043139293753147e+09
3.390740973233591557e+09
3.403712238894820690e+09
3.416964900735453606e+09
3.430507150568839073e+09
3.444347412686491013e+09
3.458494348995505333e+09
3.472956864159557819e+09
3.487744110736894608e+09
3.502865494303633690e+09
3.518330678552878857e+09
3.534149590358705521e+09
3.550332424791125774e+09
3.566889650071097374e+09
3.583832012450863361e+09
3.601170541004864693e+09
3.618916552315191269e+09
3.637081655036755562e+09
3.655677754321640015e+09
3.674717056086526394e+09
3.694212071102639198e+09
3.714175618886606693e+09
3.734620831371204376e+09
3.755561156334332466e+09
3.777010360557780743e+09
3.798982532695474148e+09
3.821492085822097301e+09
3.844553759634066582e+09
3.868182622275444508e+09
3.892394071757959843e+09
3.917203836944369316e+09
3.942627978062433243e+09
3.968682886715467930e+09
3.995385285358181477e+09
4.022752226197012901e+09
4.050801089482336521e+09
4.079549581154399395e+09
4.109015729802873611e+09
4.139217882903036594e+09
4.170174702286052704e+09
4.201905158806018829e+09
4.234428526159029961e+09
4.267764373817381859e+09
4.301932559031563759e+09
4.336953217864151955e+09
4.372846755210264206e+09
4.409633833764587402e+09
4.447335361893200874e+09
4.485972480373347282e+09
4.525566547956629753e+09
4.566139125723646164e+09
4.607711960189308167e+09
4.650306965126789093e+09
4.693946202076194763e+09
4.738651859509570122e+09
4.784446230623050690e+09
4.831351689733208656e+09
4.879390667256280899e+09
4.928585623255184174e+09
4.978959019537589073e+09
5.030533290301331520e+09
5.083330811323149681e+09
5.137373867690223694e+09
5.192684620086621284e+09
5.249285069647408485e+09
5.307197021400594711e+09
5.366442046326642036e+09
5.427041442070384026e+09
5.489016192346987724e+09
5.552386925096586227e+09
5.617173869443170547e+09
5.683396811529106140e+09
5.751075049299195290e+09
5.820227346325714111e+09
5.890871884761157990e+09
5.963026217533342361e+09
6.036707219888652802e+09
6.111931040410849571e+09
6.188713051647248268e+09
6.267067800484957695e+09
6.347008958423098564e+09
6.428549271907155037e+09
6.511700512885782242e+09
6.596473429771341324e+09
6.682877698978843689e+09
6.770921877238343239e+09
6.860613354873146057e+09
6.951958310237366676e+09
7.044961665526790619e+09
7.139627044157693863e+09
7.235956729928933144e+09
7.333951628173285484e+09
7.433611229107666016e+09
7.534933573585375786e+09
7.637915221459290504e+09
7.742551222750304222e+09
7.848835091817337036e+09
7.956758784711709976e+09
8.066312679898732185e+09
8.177485562505846977e+09
8.290264612260914803e+09
8.404635395258075714e+09
8.520581859682127953e+09
8.638086335601278305e+09
8.757129538932163239e+09
8.877690579643486023e+09
8.999746974269763947e+09
9.123274662767133713e+09
9.248248029734056473e+09
9.374639929993938446e+09
9.502421718515573502e+09
9.631563284631216049e+09
9.762033090474378586e+09
9.893798213561588287e+09
1.002682439339622116e+10
1.016107608196787643e+10
1.029651649799157143e+10
1.043310768471837616e+10
1.057081057111459351e+10
1.070958503621311760e+10
1.084938997639954758e+10
1.099018337539321327e+10
1.113192237666732788e+10
1.127456335804120636e+10
1.141806200815815735e+10
1.156237340456953621e+10
1.170745209312314987e+10
1.185325216835724258e+10
1.199972735459687233e+10
1.214683108745129395e+10
1.229451659539948463e+10
1.244273698117336082e+10
1.259144530263468361e+10
1.274059465285887909e+10
1.289013823914072990e+10
1.304002946065450096e+10
1.319022198450237846e+10
1.334066981990366173e+10
1.349132739029560661e+10
1.364214960311675835e+10
1.379309191708006859e+10
1.394411040673892212e+10
1.409516182418949509e+10
1.424620365774172401e+10
1.439719418744672775e+10
1.454809253734922981e+10
1.469885872438048744e+10
1.484945370381072044e+10
1.499983941120939636e+10
1.514997880086174393e+10
1.529983588063450623e+10
1.544937574327376938e+10
1.559856459415274811e+10
1.574736977549454117e+10
1.589575978711486435e+10
1.604370430373194313e+10
1.619117418892666817e+10
1.633814150581906509e+10
1.648457952456432343e+10
1.663046272676131821e+10
1.677576680689092445e+10
1.692046867089855766e+10
1.706454643204453659e+10
1.720797940416067123e+10
1.735074809243280792e+10
1.749283418186910629e+10
1.763422052357267761e+10
1.777489111898342896e+10
1.791483110221477509e+10
1.805402672064266586e+10
1.819246531388254929e+10
1.833013529130219269e+10
1.846702610820259094e+10
1.860312824081779861e+10
1.873843316024945450e+10
1.887293330548652267e+10
1.900662205562224197e+10
1.913949370139751816e+10
1.927154341618551636e+10
1.940276722653688431e+10
1.953316198237925339e+10
1.966272532698837662e+10
1.979145566681858444e+10
1.991935214128554535e+10
2.004641459258767319e+10
2.017264353564627838e+10
2.029804012823791122e+10
2.042260614138856125e+10
2.054634393009386444e+10
2.066925640442096329e+10
2.079134700104906464e+10
2.091261965529287720e+10
2.103307877365536880e+10
2.115272920694485855e+10
2.127157622399680710e+10
2.138962548601794815e+10
2.150688302159513474e+10
2.162335520237451935e+10
2.173904871944161224e+10
2.185397056040525055e+10
2.196812798720908356e+10
2.208152851466814804e+10
2.219417988974415207e+10
2.230609007155230713e+10
2.241726721211497498e+10
2.252771963784139633e+10
2.263745583174631500e+10
2.274648441639334106e+10
2.285481413755134201e+10
2.296245384856710815e+10
2.306941249543132782e+10
2.317569910253222656e+10
2.328132275908186722e+10
2.338629260620503235e+10
2.349061782466681671e+10
2.359430762323537445e+10
2.369737122765336227e+10
2.379981787020767975e+10
2.390165677987669373e+10
2.400289717304303360e+10
2.410354824474556351e+10
2.420361916046192169e+10
2.430311904839691162e+10
2.440205699226591110e+10
2.450044202454650879e+10
2.459828312018832397e+10
2.469558919076213837e+10
2.479236907902605438e+10
2.488863155389760208e+10
2.498438530581227112e+10
2.507963894245112610e+10
2.517440098482416534e+10
2.526867986368967819e+10
2.536248391629767227e+10
2.545582138343920898e+10
2.554870040679003143e+10
2.564112902653089523e+10
2.573311517923353577e+10
2.582466669599754333e+10
2.591579130082284546e+10
2.600649660921147156e+10
2.609679012697742081e+10
2.618667924926250458e+10
2.627617125973714828e+10
2.636527332998557281e+10
2.645399251905305862e+10
2.654233577315752029e+10
2.663030992554394150e+10
2.671792169648370361e+10
2.680517769339852905e+10
2.689208441111115646e+10
2.697864823220508575e+10
2.706487542749414444e+10
2.715077215658623505e+10
2.723634446854281235e+10
2.732159830261785507e+10
2.740653948907935715e+10
2.749117375009896088e+10
2.757550670070977020e+10
2.765954384982310867e+10
2.774329060130094528e+10
2.782675225508101654e+10
2.790993400834073639e+10
2.799284095670994186e+10
2.807547809551434708e+10
2.815785032105444717e+10
2.823996243191489410e+10
2.832181913029349899e+10
2.840342502335796356e+10
2.848478462462117767e+10
2.856590235532717514e+10
2.864678254585535431e+10
2.872742943713388824e+10
2.880784718206000900e+10
2.888803984692665100e+10
2.896801141285402298e+10
2.904776577721896362e+10
2.912730675508942795e+10
2.920663808065148163e+10
2.928576340863800430e+10
2.936468631574612808e+10
2.944341030205436325e+10
2.952193879242660522e+10
2.960027513791137314e+10
2.967842261712837601e+10
2.975638443764452744e+10
2.983416373733710480e+10
2.991176358574695969e+10
2.998918698541591644e+10
3.006643687320715714e+10
3.014351612161682892e+10
3.022042754006628418e+10
3.029717387617737198e+10
3.037375781703259659e+10
3.045018199042272186e+10
3.052644896606711578e+10
3.060256125682640457e+10
3.067852131989212799e+10
3.075433155796036911e+10
3.082999432038537979e+10
3.090551190431841660e+10
3.098088655582254410e+10
3.105612047097594452e+10
3.113121579695083618e+10
3.120617463307627487e+10
3.128099903188214874e+10
3.135569100012737656e+10
3.143025249980174637e+10
3.150468544912007904e+10
3.157899172348825836e+10
3.165317315645932007e+10
3.172723154066464615e+10
3.180116862873052979e+10
3.187498613417813492e+10
3.194868573230290222e+10
3.202226906103772354e+10
3.209573772179967880e+10
3.216909328031900024e+10
3.224233726744901657e+10
3.231547117996595383e+10
3.238849648134181213e+10
3.246141460251198578e+10
3.253422694261798096e+10
3.260693486974248123e+10
3.267953972161890793e+10
3.275204280633580780e+10
3.282444540301975250e+10
3.289674876250446320e+10
3.296895410798729706e+10
3.304106263566852188e+10
3.311307551537868500e+10
3.318499389119181442e+10
3.325681888202336502e+10
3.332855158221617126e+10
3.340019306211268234e+10
3.347174436861480713e+10
3.354320652573041153e+10
3.361458053510591507e+10
3.368586737655192566e+10
3.375706800855007172e+10
3.382818336875201416e+10
3.389921437446708679e+10
3.397016192313685226e+10
3.404102689279930496e+10
3.411181014254255676e+10
3.418251251294839859e+10
3.425313482652333832e+10
3.432367788812134933e+10
3.439414248535735321e+10
3.446452938900707245e+10
3.453483935340454102e+10
3.460507311681819916e+10
3.467523140183348083e+10
3.474531491571239471e+10
3.481532435075302887e+10
3.488526038463623047e+10
3.495512368076674652e+10
3.502491488860333252e+10
3.509463464398238373e+10
3.516428356943598175e+10
3.523386227449507904e+10
3.530337135599513245e+10
3.537281139836563110e+10
3.544218297391896057e+10
3.551148664312693787e+10
3.558072295489383698e+10
3.564989244682366180e+10
3.571899564547688293e+10
3.578803306662442017e+10
3.585700521549319458e+10
3.592591258700880432e+10
3.599475566602682495e+10
3.606353492756355286e+10
3.613225083701901245e+10
3.620090385039337158e+10
3.626949441450141907e+10
3.633802296717681122e+10
3.640648993747531891e+10
3.647489574587067413e+10
3.654324080444960785e+10
3.661152551709416962e+10
3.667975027966780853e+10
3.674791548019220734e+10
3.681602149901998901e+10
3.688406870900724792e+10
3.695205747567337799e+10
3.701998815736697388e+10
3.708786110541840363e+10
3.715567666429724884e+10
3.722343517175800323e+10
3.729113695898819733e+10
3.735878235074565125e+10
3.742637166550385284e+10
3.749390521558003235e+10
3.756138330727185822e+10
3.762880624098171997e+10
3.769617431134328461e+10
3.776348780734616089e+10
3.783074701244995117e+10
3.789795220470245361e+10
3.796510365685385895e+10
3.803220163646437836e+10
3.809924640601516724e+10
3.816623822300870514e+10
3.823317734007565308e+10
3.830006400507066345e+10
3.836689846117243195e+10
3.843368094697660065e+10
3.850041169658894348e+10
3.856709093971570587e+10
3.863371890175029755e+10
3.870029580386169434e+10
3.876682186307455444e+10
3.883329729235440063e+10
3.889972230068304443e+10
3.896609709314139557e+10
3.903242187097963715e+10
3.909869683169491577e+10
3.916492216910247803e+10
3.923109807340529633e+10
3.929722473126131439e+10
3.936330232585496521e+10
3.942933103695697784e+10
3.949531104099149323e+10
3.956124251109600830e+10
3.962712561718511963e+10
3.969296052600587463e+10
3.975874740119729614e+10
3.982448640334844971e+10
3.989017769004936218e+10
3.995582141594809723e+10
4.002141773280275726e+10
4.008696678953049469e+10
4.015246873225993347e+10
4.021792370437807465e+10
4.028333184657827759e+10
4.034869329690840912e+10
4.041400819081385040e+10
4.047927666118395233e+10
4.054449883839176178e+10
4.060967485034207153e+10
4.067480482250648499e+10
4.073988887796859741e+10
4.080492713746007538e+10
4.086991971940195465e+10
4.093486673993966675e+10
4.099976831298223114e+10
4.106462455023601532e+10
4.112943556124119568e+10
4.119420145340647125e+10
4.125892233204088593e+10
4.132359830038954163e+10
4.138822945966117096e+10
4.145281590906516266e+10
4.151735774583863831e+10
4.158185506527641296e+10
4.164630796076207733e+10
4.171071652379624176e+10
4.177508084402434540e+10
4.183940100926471710e+10
4.190367710553423309e+10
4.196790921707714081e+10
4.203209742638838959e+10
4.209624181424080658e+10
4.216034245970990753e+10
4.222439944019551849e+10
4.228841283144882202e+10
4.235238270759552765e+10
4.241630914115596008e+10
4.248019220307047272e+10
4.254403196271902466e+10
4.260782848794564056e+10
4.267158184507592773e+10
4.273529209894138336e+10
4.279895931289640045e+10
4.286258354884212494e+10
4.292616486724114990e+10
4.298970332714128876e+10
4.305319898619228363e+10
4.311665190066390228e+10
4.318006212546546173e+10
4.324342971416260529e+10
4.330675471899636841e+10
4.337003719089769745e+10
4.343327717950811768e+10
4.349647473319289398e+10
4.355962989905954742e+10
4.362274272297301483e+10
4.368581324957206726e+10
4.374884152228517914e+10
4.381182758334418488e+10
4.387477147380149078e+10
4.393767323354354858e+10
4.400053290130607605e+10
4.406335051468799591e+10
4.412612611016564941e+10
4.418885972310848236e+10
4.425155138778887939e+10
4.431420113740102386e+10
4.437680900406838226e+10
4.443937501886325073e+10
4.450189921181395721e+10
4.456438161191963959e+10
4.462682224716580963e+10
4.468922114453215027e+10
4.475157833000817871e+10
4.481389382860413361e+10
4.487616766436209869e+10
4.493839986036940002e+10
4.500059043876980591e+10
4.506273942077480316e+10
4.512484682667421722e+10
4.518691267584951782e+10
4.524893698678267670e+10
4.531091977706896210e+10
4.537286106342651367e+10
4.543476086170736694e+10
4.549661918690811157e+10
4.555843605318164825e+10
4.562021147384563446e+10
4.568194546139326477e+10
4.574363802750482941e+10
4.580528918305516052e+10
4.586689893812619781e+10
4.592846730201480865e+10
4.598999428324420929e+10
4.605147988957310486e+10
4.611292412800415039e+10
4.617432700479358673e+10
4.623568852546360016e+10
4.629700869480680847e+10
4.635828751689975739e+10
4.641952499510901642e+10
4.648072113210174561e+10
4.654187592985456085e+10
4.660298938966185760e+10
4.666406151214453888e+10
4.672509229726039124e+10
4.678608174431003571e+10
4.684702985194735718e+10
4.690793661818833160e+10
4.696880204041806030e+10
4.702962611539889526e+10
4.709040883928142548e+10
4.715115020761013031e+10
4.721185021533147430e+10
4.727250885680419922e+10
4.733312612580609131e+10
4.739370201554080200e+10
4.745423651864798737e+10
4.751472962720954895e+10
4.757518133275852203e+10
4.763559162628621674e+10
4.769596049824942017e+10
4.775628793857973480e+10
4.781657393668905640e+10
4.787681848147990417e+10
4.793702156134838867e+10
4.799718316419811249e+10
4.805730327744097900e+10
4.811738188800854492e+10
4.817741898235799408e+10
4.823741454647997284e+10
4.829736856590627289e+10
4.835728102571359253e+10
4.841715191053616333e+10
4.847698120456748962e+10
4.853676889157174683e+10
4.859651495488716888e+10
4.865621937743422699e+10
4.871588214172480011e+10
4.877550322986594391e+10
4.883508262356655884e+10
4.889462030414626312e+10
4.895411625254193878e+10
4.901357044931362915e+10
4.907298287464869690e+10
4.913235350837331390e+10
4.919168232995563507e+10
4.925096931851345825e+10
4.931021445282008362e+10
4.936941771131130219e+10
4.942857907209030151e+10
4.948769851293758392e+10
4.954677601131280518e+10
4.960581154436419678e+10
4.966480508893356323e+10
4.972375662156157684e+10
4.978266611849610901e+10
4.984153355569708252e+10
4.990035890884228516e+10
4.995914215333254242e+10
5.001788326430116272e+10
5.007658221661592102e+10
5.013523898488799286e+10
5.019385354347446442e+10
5.025242586648754883e+10
5.031095592779952240e+10
5.036944370104686737e+10
5.042788915963659668e+10
5.048629227675492096e+10
5.054465302536707306e+10
5.060297137822934723e+10
5.066124730788981628e+10
5.071948078669533539e+10
5.077767178679899597e+10
5.083582028016253662e+10
5.089392623856367493e+10
5.095198963360119629e+10
5.101001043669916534e+10
5.106798861911416626e+10
5.112592415194087219e+10
5.118381700611218262e+10
5.124166715241278076e+10
5.129947456147579956e+10
5.135723920379509735e+10
5.141496104972591400e+10
5.147264006949093628e+10
5.153027623318629456e+10
5.158786951078573608e+10
5.164541987214570618e+10
5.170292728701084137e+10
5.176039172501751709e+10
5.181781315569974518e+10
5.187519154849453735e+10
5.193252687274497223e+10
5.198981909770697021e+10
5.204706819255173492e+10
5.210427412637192535e+10
5.216143686818749237e+10
5.221855638694672394e+10
5.227563265153396606e+10
