-6.573821700306873481e+02
-6.570909791892827343e+02
-6.567995641915071019e+02
-6.565079240039088972e+02
-6.562160575860582412e+02
-6.559239638905200991e+02
-6.556316418629460259e+02
-6.553390904419430854e+02
-6.550463085592749621e+02
-6.547532951396919998e+02
-6.544600491009623511e+02
-6.541665693539333688e+02
-6.538728548025799228e+02
-6.535789043438578574e+02
-6.532847168678193839e+02
-6.529902912575834080e+02
-6.526956263893102914e+02
-6.524007211322925741e+02
-6.521055743488154803e+02
-6.518101848942899323e+02
-6.515145516171730833e+02
-6.512186733589675214e+02
-6.509225489542662899e+02
-6.506261772307266256e+02
-6.503295570090346018e+02
-6.500326871029847098e+02
-6.497355663193759483e+02
-6.494381934580441111e+02
-6.491405673118954383e+02
-6.488426866668539787e+02
-6.485445503018560203e+02
-6.482461569888844224e+02
-6.479475054928793725e+02
-6.476485945718212633e+02
-6.473494229766876060e+02
-6.470499894513685604e+02
-6.467502927327806219e+02
-6.464503315507315619e+02
-6.461501046280321816e+02
-6.458496106803287375e+02
-6.455488484162473242e+02
-6.452478165372516514e+02
-6.449465137377007977e+02
-6.446449387048014614e+02
-6.443430901185963648e+02
-6.440409666518733047e+02
-6.437385669703201074e+02
-6.434358897323043038e+02
-6.431329335889492995e+02
-6.428296971841048162e+02
-6.425261791542747005e+02
-6.422223781286816120e+02
-6.419182927291410579e+02
-6.416139215700641216e+02
-6.413092632584531430e+02
-6.410043163938229327e+02
-6.406990795682127100e+02
-6.403935513660981087e+02
-6.400877303644265339e+02
-6.397816151325155261e+02
-6.394752042320036480e+02
-6.391684962168856146e+02
-6.388614896334082687e+02
-6.385541830200355662e+02
-6.382465749074060568e+02
-6.379386638183137848e+02
-6.376304482675851659e+02
-6.373219267621493600e+02
-6.370130978008292004e+02
-6.367039598744443083e+02
-6.363945114656143005e+02
-6.360847510488790704e+02
-6.357746770903794413e+02
-6.354642880480856775e+02
-6.351535823714948492e+02
-6.348425585017215553e+02
-6.345312148713604756e+02
-6.342195499044022426e+02
-6.339075620162396945e+02
-6.335952496135117826e+02
-6.332826110940853823e+02
-6.329696448469278494e+02
-6.326563492520639329e+02
-6.323427226804917609e+02
-6.320287634940727912e+02
-6.317144700454711028e+02
-6.313998406780436881e+02
-6.310848737257992980e+02
-6.307695675132023325e+02
-6.304539203551591982e+02
-6.301379305569045073e+02
-6.298215964139020571e+02
-6.295049162116893058e+02
-6.291878882258367867e+02
-6.288705107217991781e+02
-6.285527819548135540e+02
-6.282347001697719406e+02
-6.279162636011080849e+02
-6.275974704726804703e+02
-6.272783189976453286e+02
-6.269588073783132813e+02
-6.266389338060289447e+02
-6.263186964610355290e+02
-6.259980935123157906e+02
-6.256771231174964214e+02
-6.253557834226340901e+02
-6.250340725621202864e+02
-6.247119886585193171e+02
-6.243895298223727650e+02
-6.240666941520989894e+02
-6.237434797337421060e+02
-6.234198846409036605e+02
-6.230959069344822865e+02
-6.227715446625455797e+02
-6.224467958601618420e+02
-6.221216585491341675e+02
-6.217961307378682250e+02
-6.214702104212095719e+02
-6.211438955801595512e+02
-6.208171841817470522e+02
-6.204900741787223524e+02
-6.201625635094836753e+02
-6.198346500976922471e+02
-6.195063318521930569e+02
-6.191776066666927818e+02
-6.188484724195444642e+02
-6.185189269735243442e+02
-6.181889681755775428e+02
-6.178585938565286142e+02
-6.175278018308806622e+02
-6.171965898965078168e+02
-6.168649558344081925e+02
-6.165328974082939339e+02
-6.162004123646839844e+02
-6.158674984321580723e+02
-6.155341533213044158e+02
-6.152003747243462612e+02
-6.148661603148923405e+02
-6.145315077475071348e+02
-6.141964146575032828e+02
-6.138608786605436762e+02
-6.135248973522985807e+02
-6.131884683081361800e+02
-6.128515890826625991e+02
-6.125142572095334117e+02
-6.121764702008748600e+02
-6.118382255470575046e+02
-6.114995207161920234e+02
-6.111603531538304424e+02
-6.108207202825475406e+02
-6.104806195013651404e+02
-6.101400481855055205e+02
-6.097990036858547001e+02
-6.094574833285552131e+02
-6.091154844144654135e+02
-6.087730042188118205e+02
-6.084300399906643406e+02
-6.080865889523983014e+02
-6.077426482991954799e+02
-6.073982151984845359e+02
-6.070532867896037033e+02
-6.067078601830962725e+02
-6.063619324601210110e+02
-6.060155006719260200e+02
-6.056685618394561743e+02
-6.053211129524884200e+02
-6.049731509690896019e+02
-6.046246728151662637e+02
-6.042756753835817563e+02
-6.039261555337201344e+02
-6.035761100906526053e+02
-6.032255358445767115e+02
-6.028744295500118824e+02
-6.025227879252374805e+02
-6.021706076513276003e+02
-6.018178853716651702e+02
-6.014646176910308668e+02
-6.011108011746941884e+02
-6.007564323479111863e+02
-6.004015076948969636e+02
-6.000460236580021274e+02
-5.996899766368924247e+02
-5.993333629876353825e+02
-5.989761790218080932e+02
-5.986184210055727135e+02
-5.982600851587221769e+02
-5.979011676537342055e+02
-5.975416646146680932e+02
-5.971815721163546868e+02
-5.968208861831145668e+02
-5.964596027878334326e+02
-5.960977178508691168e+02
-5.957352272388441179e+02
-5.953721267635456798e+02
-5.950084121807859674e+02
-5.946440791890854598e+02
-5.942791234285706423e+02
-5.939135404795779323e+02
-5.935473258614312044e+02
-5.931804750311193857e+02
-5.928129833818552470e+02
-5.924448462417709607e+02
-5.920760588723915134e+02
-5.917066164672493187e+02
-5.913365141502839606e+02
-5.909657469744388436e+02
-5.905943099199189419e+02
-5.902221978926633028e+02
-5.898494057226262157e+02
-5.894759281621473974e+02
-5.891017598840913934e+02
-5.887268954801478458e+02
-5.883513294589328098e+02
-5.879750562441663533e+02
-5.875980701726043662e+02
-5.872203654921970610e+02
-5.868419363599639382e+02
-5.864627768399332126e+02
-5.860828809009608449e+02
-5.857022424146044841e+02
-5.853208551527662848e+02
-5.849387127854323580e+02
-5.845558088782877348e+02
-5.841721368902937002e+02
-5.837876901710865241e+02
-5.834024619585688924e+02
-5.830164453760997958e+02
-5.826296334299141790e+02
-5.822420190062493930e+02
-5.818535948685311041e+02
-5.814643536544976996e+02
-5.810742878730638949e+02
-5.806833899012823395e+02
-5.802916519813038576e+02
-5.798990662168241670e+02
-5.795056245700404816e+02
-5.791113188580465021e+02
-5.787161407493272236e+02
-5.783200817601714334e+02
-5.779231332508965124e+02
-5.775252864220746005e+02
-5.771265323105508287e+02
-5.767268617854590502e+02
-5.763262655440388471e+02
-5.759247341073842108e+02
-5.755222578160820603e+02
-5.751188268256590845e+02
-5.747144311020630312e+02
-5.743090604168229447e+02
-5.739027043422241832e+02
-5.734953522462195679e+02
-5.730869932874004462e+02
-5.726776164095724653e+02
-5.722672103364288887e+02
-5.718557635658371510e+02
-5.714432643642336416e+02
-5.710297007605734052e+02
-5.706150605403439613e+02
-5.701993312393443603e+02
-5.697825001371692224e+02
-5.693645542506964148e+02
-5.689454803272849404e+02
-5.685252648378116191e+02
-5.681038939695066574e+02
-5.676813536185721887e+02
-5.672576293826384699e+02
-5.668327065529894071e+02
-5.664065701064820360e+02
-5.659792046974411051e+02
-5.655505946491335862e+02
-5.651207239450704947e+02
-5.646895762201185107e+02
-5.642571347512492821e+02
-5.638233824481400234e+02
-5.633883018434671612e+02
-5.629518750829140572e+02
-5.625140839148665464e+02
-5.620749096799489735e+02
-5.616343333000852454e+02
-5.611923352674551779e+02
-5.607488956329214034e+02
-5.603039939943387253e+02
-5.598576094844191857e+02
-5.594097207582317424e+02
-5.589603059804815075e+02
-5.585093428123437889e+02
-5.580568083978774894e+02
-5.576026793502717283e+02
-5.571469317374202319e+02
-5.566895410673148490e+02
-5.562304822730000069e+02
-5.557697296970610523e+02
-5.553072570756564801e+02
-5.548430375221930717e+02
-5.543770435105751631e+02
-5.539092468578502348e+02
-5.534396187065162849e+02
-5.529681295063076050e+02
-5.524947489955026185e+02
-5.520194461816515741e+02
-5.515421893219105414e+02
-5.510629459027182975e+02
-5.505816826190488200e+02
-5.500983653529940511e+02
-5.496129591518847519e+02
-5.491254282057476530e+02
-5.486357358242543114e+02
-5.481438444129705658e+02
-5.476497154490707544e+02
-5.471533094563817485e+02
-5.466545859797664662e+02
-5.461535035589208746e+02
-5.456500197014241849e+02
-5.451440908551509210e+02
-5.446356723799682413e+02
-5.441247185187729656e+02
-5.436111823677139228e+02
-5.430950158458272199e+02
-5.425761696637538307e+02
-5.420545932918988683e+02
-5.415302349275852976e+02
-5.410030414617151564e+02
-5.404729584443973636e+02
-5.399399300499133005e+02
-5.394038990408234895e+02
-5.388648067312722105e+02
-5.383225929494806223e+02
-5.377771959994191775e+02
-5.372285526215190430e+02
-5.366765979527800710e+02
-5.361212654857606594e+02
-5.355624870269211897e+02
-5.350001926539744090e+02
-5.344343106724575136e+02
-5.338647675714088336e+02
-5.332914879782341586e+02
-5.327143946125883076e+02
-5.321334082395902669e+02
-5.315484476220899523e+02
-5.309594294720512835e+02
-5.303662684011965212e+02
-5.297688768708653697e+02
-5.291671651409495780e+02
-5.285610412181189304e+02
-5.279504108033424927e+02
-5.273351772385523191e+02
-5.267152414526963184e+02
-5.260905019070612525e+02
-5.254608545399513559e+02
-5.248261927107887459e+02
-5.241864071436120867e+02
-5.235413858700377432e+02
-5.228910141717966553e+02
-5.222351745228268101e+02
-5.215737465310054404e+02
-5.209066068795788169e+02
-5.202336292683876309e+02
-5.195546843549441292e+02
-5.188696396954450165e+02
-5.181783596857909515e+02
-5.174807055027475826e+02
-5.167765350453782958e+02
-5.160657028767445809e+02
-5.153480601660490947e+02
-5.146234546314785803e+02
-5.138917304836833182e+02
-5.131527283701167335e+02
-5.124062853204485464e+02
-5.116522346931661787e+02
-5.108904061234458140e+02
-5.101206254727563305e+02
-5.093427147800038028e+02
-5.085564922147974016e+02
-5.077617720327636448e+02
-5.069583645334395214e+02
-5.061460760205740712e+02
-5.053247087655906853e+02
-5.044940609740736477e+02
-5.036539267557749895e+02
-5.028040960984345134e+02
-5.019443548455799942e+02
-5.010744846788153950e+02
-5.001942631048582939e+02
-4.993034634476389328e+02
-4.984018548459292219e+02
-4.974892022567876779e+02
-4.965652664653817965e+02
-4.956298041013429838e+02
-4.946825676623942059e+02
-4.937233055454419173e+02
-4.927517620857562974e+02
-4.917676776046862983e+02
-4.907707884662711990e+02
-4.897608271434538665e+02
-4.887375222942878281e+02
-4.877005988486920955e+02
-4.866497781062854528e+02
-4.855847778458290236e+02
-4.845053124470368289e+02
-4.834110930248454565e+02
-4.823018275772942616e+02
-4.811772211472271579e+02
-4.800369759984103553e+02
-4.788807918068703771e+02
-4.777083658676768323e+02
-4.765193933182028445e+02
-4.753135673779260060e+02
-4.740905796057128896e+02
-4.728501201749657525e+02
-4.715918781671223314e+02
-4.703155418841415099e+02
-4.690207991803625305e+02
-4.677073378141630542e+02
-4.663748458200141727e+02
-4.650230119010089993e+02
-4.636515258425623642e+02
-4.622600789472871838e+02
-4.608483644915070840e+02
-4.594160782033208648e+02
-4.579629187627530200e+02
-4.564885883235110668e+02
-4.549927930568944134e+02
-4.534752437172730311e+02
-4.519356562292675790e+02
-4.503737522961105242e+02
-4.487892600290629730e+02
-4.471819145971563785e+02
-4.455514588968178487e+02
-4.438976442405508465e+02
-4.422202310639779057e+02
-4.405189896501818225e+02
-4.387937008701709942e+02
-4.370441569384734066e+02
-4.352701621821990443e+02
-4.334715338223496701e+02
-4.316481027653396154e+02
-4.297997144033343488e+02
-4.279262294210885216e+02
-4.260275246073514950e+02
-4.241034936685159096e+02
-4.221540480420837866e+02
-4.201791177074611596e+02
-4.181786519911906339e+02
-4.161526203640538597e+02
-4.141010132268253869e+02
-4.120238426816410993e+02
-4.099211432859413549e+02
-4.077929727854342445e+02
-4.056394128228367890e+02
-4.034605696188131105e+02
-4.012565746217063634e+02
-3.990275851223739778e+02
-3.967737848304844306e+02
-3.944953844088558981e+02
-3.921926219619575704e+02
-3.898657634752439094e+02
-3.875151032017137709e+02
-3.851409639922551946e+02
-3.827436975664848546e+02
-3.803236847209607276e+02
-3.778813354715243804e+02
-3.754170891273251982e+02
-3.729314142933648668e+02
-3.704248087996792265e+02
-3.678977995546346733e+02
-3.653509423207290752e+02
-3.627848214111317020e+02
-3.602000493059579753e+02
-3.575972661871940090e+02
-3.549771393919471052e+02
-3.523403627837098497e+02
-3.496876560420295164e+02
-3.470197638711878767e+02
-3.443374551290339127e+02
-3.416415218773348101e+02
-3.389327783557510543e+02
-3.362120598815949961e+02
-3.334802216782583741e+02
-3.307381376353807809e+02
-3.279866990043050805e+02
-3.252268130329101723e+02
-3.224594015438260044e+02
-3.196853994609222696e+02
-3.169057532888951414e+02
-3.141214195512102378e+02
-3.113333631918332571e+02
-3.085425559466266918e+02
-3.057499746900620039e+02
-3.029565997635706935e+02
-3.001634132914645079e+02
-2.973713974909254034e+02
-2.945815329820402440e+02
-2.917947971044837345e+02
-2.890121622468295186e+02
-2.862345941947538108e+02
-2.834630505041786819e+02
-2.806984789051858797e+02
-2.779418157422672380e+02
-2.751939844566542774e+02
-2.724558941155056573e+02
-2.697284379931894023e+02
-2.670124922090008113e+02
-2.643089144256196050e+02
-2.616185426122390254e+02
-2.589421938756834720e+02
-2.562806633627693031e+02
-2.536347232364319098e+02
-2.510051217280949061e+02
-2.483925822678758948e+02
-2.457978026943011685e+02
-2.432214545443695215e+02
-2.406641824247337809e+02
-2.381266034640757425e+02
-2.356093068465816884e+02
-2.331128534259229923e+02
-2.306377754189206541e+02
-2.281845761774426080e+02
-2.257537300372771938e+02
-2.233456822417784053e+02
-2.209608489383828669e+02
-2.185996172454860016e+02
-2.162623453871154311e+02
-2.139493628924752215e+02
-2.116609708575293780e+02
-2.093974422652644591e+02
-2.071590223615378363e+02
-2.049459290829904603e+02
-2.027583535336551961e+02
-2.005964605066824333e+02
-1.984603890476748234e+02
-1.963502530560733987e+02
-1.942661419209774749e+02
-1.922081211880213232e+02
-1.901762332536565907e+02
-1.881704980835705783e+02
-1.861909139517854044e+02
-1.842374581973391230e+02
-1.823100879952100684e+02
-1.804087411386201723e+02
-1.785333368297147274e+02
-1.766837764758517153e+02
-1.748599444888308199e+02
-1.730617090846199062e+02
-1.712889230811041159e+02
-1.695414246917277694e+02
-1.678190383128933547e+02
-1.661215753032383589e+02
-1.644488347529319299e+02
-1.628006042414956198e+02
-1.611766605824471128e+02
-1.595767705536528069e+02
-1.580006916119791072e+02
-1.564481725912774834e+02
-1.549189543827160946e+02
-1.534127705966174631e+02
-1.519293482051425030e+02
-1.504684081651363385e+02
-1.490296660207893353e+02
-1.476128324855585561e+02
-1.462176140032330238e+02
-1.448437132878056843e+02
-1.434908298421458710e+02
-1.421586604553418454e+02
-1.408468996788613765e+02
-1.395552402815270625e+02
-1.382833736835721083e+02
-1.370309903698988023e+02
-1.357977802829477127e+02
-1.345834331953475385e+02
-1.333876390628258832e+02
-1.322100883577448940e+02
-1.310504723836460812e+02
-1.299084835713315158e+02
-1.287838157569272255e+02
-1.276761644424232713e+02
-1.265852270392500998e+02
-1.255107030953541880e+02
-1.244522945064060480e+02
-1.234097057115963878e+02
-1.223826438746373100e+02
-1.213708190505227122e+02
-1.203739443385400278e+02
-1.193917360221936974e+02
-1.184239136964882988e+02
-1.174702003831850448e+02
-1.165303226345413066e+02
-1.156040106260763309e+02
-1.146909982388526430e+02
-1.137910231318596459e+02
-1.129038268048933844e+02
-1.120291546525207167e+02
-1.111667560095287826e+02
-1.103163841883835659e+02
-1.094777965090771232e+02
-1.086507543218794183e+02
-1.078350230233340881e+02
-1.070303720659831441e+02
-1.062365749621156397e+02
-1.054534092820574642e+02
-1.046806566472019000e+02
-1.039181027182642936e+02
-1.031655371790248807e+02
-1.024227537158930943e+02
-1.016895499936283045e+02
-1.009657276274542284e+02
-1.002510921519140226e+02
-9.954545298666803887e+01
-9.884862339955012089e+01
-9.816042046706772339e+01
-9.748066503261031812e+01
-9.680918166258172164e+01
-9.614579860064003469e+01
-9.549034772026422502e+01
-9.484266447583134152e+01
-9.420258785234680943e+01
-9.356996031404429459e+01
-9.294462775195721349e+01
-9.232643943065353653e+01
-9.171524793422324251e+01
-9.111090911170137474e+01
-9.051328202199546524e+01
-8.992222887846827462e+01
-8.933761499324350552e+01
-8.875930872139102235e+01
-8.818718140500318725e+01
-8.762110731732245483e+01
-8.706096360694819225e+01
-8.650663024222191666e+01
-8.595798995585199975e+01
-8.541492818983091695e+01
-8.487733304071541340e+01
-8.434509520530910720e+01
-8.381810792682000510e+01
-8.329626694148944921e+01
-8.277947042579678794e+01
-8.226761894421372290e+01
-8.176061539758605079e+01
-8.125836497213389009e+01
-8.076077508914698910e+01
-8.026775535533737127e+01
-7.977921751391707517e+01
-7.929507539639915592e+01
-7.881524487514073485e+01
-7.833964381663058418e+01
-7.786819203555853619e+01
-7.740081124963940340e+01
-7.693742503524295273e+01
-7.647795878377695544e+01
-7.602233965889476508e+01
-7.557049655447022474e+01
-7.512236005337803135e+01
-7.467786238706388247e+01
-7.423693739590204643e+01
-7.379952049035080108e+01
-7.336554861288200868e+01
-7.293496020070089969e+01
-7.250769514923140946e+01
-7.208369477637680234e+01
-7.166290178754243811e+01
-7.124526024140733682e+01
-7.083071551644694352e+01
-7.041921427819249857e+01
-7.001070444721959518e+01
-6.960513516785691479e+01
-6.920245677759707803e+01
-6.880262077722061065e+01
-6.840557980159340445e+01
-6.801128759115896116e+01
-6.761969896407923386e+01
-6.723076978905184831e+01
-6.684445695875595561e+01
-6.646071836394088450e+01
-6.607951286813646163e+01
-6.570080028297449815e+01
-6.532454134410599522e+01
-6.495069768771159602e+01
-6.457923182758992198e+01
-6.421010713280315940e+01
-6.384328780588847962e+01
-6.347873886159894852e+01
-6.311642610619066573e+01
-6.275631611721114211e+01
-6.239837622382013649e+01
-6.204257448758713167e+01
-6.168887968378650299e+01
-6.133726128316905601e+01
-6.098768943419725730e+01
-6.064013494573273277e+01
-6.029456927017529466e+01
-5.995096448702975778e+01
-5.960929328690025386e+01
-5.926952895590108028e+01
-5.893164536046898405e+01
-5.859561693256411985e+01
-5.826141865527913666e+01
-5.792902604879299844e+01
-5.759841515671732282e+01
-5.726956253278792275e+01
-5.694244522791214536e+01
-5.661704077754920661e+01
-5.629332718943435054e+01
-5.597128293161360801e+01
-5.565088692080252031e+01
-5.533211851105643575e+01
-5.501495748272665054e+01
-5.469938403172663044e+01
-5.438537875906503416e+01
-5.407292266067523201e+01
-5.376199711749769961e+01
-5.345258388583955167e+01
-5.314466508798137312e+01
-5.283822320304238929e+01
-5.253324105807609357e+01
-5.222970181942068280e+01
-5.192758898426750847e+01
-5.162688637245401679e+01
-5.132757811848432539e+01
-5.102964866375922526e+01
-5.073308274900619352e+01
-5.043786540692175180e+01
-5.014398195500685063e+01
-4.985141798859024931e+01
-4.956015937404185934e+01
-4.927019224216839888e+01
-4.898150298177606032e+01
-4.869407823342221775e+01
-4.840790488331647623e+01
-4.812297005739181799e+01
-4.783926111553689253e+01
-4.755676564597806788e+01
-4.727547145980928889e+01
-4.699536658567182457e+01
-4.671643926457660001e+01
-4.643867794485697686e+01
-4.616207127726429604e+01
-4.588660811018753094e+01
-4.561227748500561319e+01
-4.533906863155377209e+01
-4.506697096372383982e+01
-4.479597407516684626e+01
-4.452606773511978844e+01
-4.425724188433737538e+01
-4.398948663113375801e+01
-4.372279224752610105e+01
-4.345714916548496376e+01
-4.319254797327594986e+01
-4.292897941190442879e+01
-4.266643437165059538e+01
-4.240490388869800142e+01
-4.214437914184258460e+01
-4.188485144930148607e+01
-4.162631226559294362e+01
-4.136875317850240918e+01
-4.111216590613301491e+01
-4.085654229402008752e+01
-4.060187431233512712e+01
-4.034815405315254822e+01
-4.009537372779281128e+01
-3.984352566422951014e+01
-3.959260230456739293e+01
-3.934259620258570322e+01
-3.909350002134324598e+01
-3.884530653084183172e+01
-3.859800860575908388e+01
-3.835159922322851145e+01
-3.810607146068554130e+01
-3.786141849376116397e+01
-3.761763359423768094e+01
-3.737471012804279979e+01
-3.713264155331471272e+01
-3.689142141849829670e+01
-3.665104336049481759e+01
-3.641150110286623232e+01
-3.617278845407321342e+01
-3.593489930576336633e+01
-3.569782763110524826e+01
-3.546156748315628704e+01
-3.522611299327633816e+01
-3.499145836958469147e+01
-3.475759789544598277e+01
-3.452452592800045750e+01
-3.429223689673018782e+01
-3.406072530205759819e+01
-3.382998571398068322e+01
-3.360001277074371018e+01
-3.337080117753397701e+01
-3.314234570521900025e+01
-3.291464118910685244e+01
-3.268768252774280114e+01
-3.246146468172973698e+01
-3.223598267258152816e+01
-3.201123158160083193e+01
-3.178720654878629048e+01
-3.156390277176432591e+01
-3.134131550474749162e+01
-3.111944005751617226e+01
-3.089827179442663052e+01
-3.067780613344003271e+01
-3.045803854517886222e+01
-3.023896455199645672e+01
-3.002057972708174916e+01
-2.980287969357235411e+01
-2.958586012369315554e+01
-2.936951673792041717e+01
-2.915384530415433417e+01
-2.893884163691992129e+01
-2.872450159658034607e+01
-2.851082108857427144e+01
-2.829779606266153991e+01
-2.808542251219729735e+01
-2.787369647341237311e+01
-2.766261402471591069e+01
-2.745217128601223422e+01
-2.724236441803374476e+01
-2.703318962168304296e+01
-2.682464313740117134e+01
-2.661672124453691168e+01
-2.640942026074127824e+01
-2.620273654136405739e+01
-2.599666647887592674e+01
-2.579120650229165435e+01
-2.558635307661376856e+01
-2.538210270228448096e+01
-2.517845191465046994e+01
-2.497539728343684473e+01
-2.477293541223913209e+01
-2.457106293801545860e+01
-2.436977653059825499e+01
-2.416907289221424193e+01
-2.396894875701051575e+01
-2.376940089059458572e+01
-2.357042608958220598e+01
-2.337202118115811089e+01
-2.317418302263494922e+01
-2.297690850103753846e+01
-2.278019453268180072e+01
-2.258403806276704273e+01
-2.238843606497963279e+01
-2.219338554109947736e+01
-2.199888352061489982e+01
-2.180492706035052919e+01
-2.161151324409521735e+01
-2.141863918224159846e+01
-2.122630201143216766e+01
-2.103449889421157337e+01
-2.084322701868381955e+01
-2.065248359818158264e+01
-2.046226587093283555e+01
-2.027257109974571492e+01
-2.008339657168499315e+01
-1.989473959776975320e+01
-1.970659751266306259e+01
-1.951896767437647284e+01
-1.933184746397756015e+01
-1.914523428529938442e+01
-1.895912556466034360e+01
-1.877351875058520392e+01
-1.858841131353499065e+01
-1.840380074563531210e+01
-1.821968456041776108e+01
-1.803606029255899657e+01
-1.785292549762754888e+01
-1.767027775183478155e+01
-1.748811465179013780e+01
-1.730643381425855409e+01
-1.712523287592643229e+01
-1.694450949316630428e+01
-1.676426134180944771e+01
-1.658448611692074337e+01
-1.640518153257746192e+01
-1.622634532164927279e+01
-1.604797523558944050e+01
-1.587006904421837383e+01
-1.569262453552070902e+01
-1.551563951543834818e+01
-1.533911180767309190e+01
-1.516303925348647219e+01
-1.498741971150538532e+01
-1.481225105753420479e+01
-1.463753118436230061e+01
-1.446325800158116515e+01
-1.428942943540044119e+01
-1.411604342847060956e+01
-1.394309793970155908e+01
-1.377059094409280959e+01
-1.359852043255890663e+01
-1.342688441176064629e+01
-1.325568090393881704e+01
-1.308490794675058133e+01
-1.291456359310431523e+01
-1.274464591100481314e+01
-1.257515298339180099e+01
-1.240608290798684976e+01
-1.223743379713985213e+01
-1.206920377768005004e+01
-1.190139099076321827e+01
-1.173399359173028422e+01
-1.156700974995876230e+01
-1.140043764872215526e+01
-1.123427548504817786e+01
-1.106852146958201111e+01
-1.090317382644673572e+01
-1.073823079310983708e+01
-1.057369062024971029e+01
-1.040955157162429323e+01
-1.024581192394092000e+01
-1.008246996672778373e+01
-9.919524002209488600e+00
-9.756972345178303030e+00
-9.594813322875911155e+00
-9.433045274867392749e+00
-9.271666552923283788e+00
-9.110675520900173296e+00
-8.950070554624984354e+00
-8.789850041775721934e+00
-8.630012381771793528e+00
-8.470555985657115983e+00
-8.311479275990901527e+00
-8.152780686736361915e+00
-7.994458663152895994e+00
-7.836511661686450303e+00
-7.678938149865876639e+00
-7.521736606195932318e+00
-7.364905520053918409e+00
-7.208443391587151083e+00
-7.052348731612508637e+00
-6.896620061513760724e+00
-6.741255913144693857e+00
-6.586254828730809585e+00
-6.431615360771288259e+00
-6.277336071943922846e+00
-6.123415535010704680e+00
-5.969852332724515875e+00
-5.816645057734066704e+00
-5.663792312496354953e+00
-5.511292709182531446e+00
-5.359144869589954396e+00
-5.207347425053296952e+00
-5.055899016357789932e+00
-4.904798293649927032e+00
-4.754043916355132460e+00
-4.603634553090387271e+00
-4.453568881581314365e+00
-4.303845588578645298e+00
-4.154463369777649184e+00
-4.005420929733202406e+00
-3.856716981783949283e+00
-3.708350247969240954e+00
-3.560319458951671123e+00
-3.412623353938766702e+00
-3.265260680606994814e+00
-3.118230195022818840e+00
-2.971530661569539600e+00
-2.825160852872254047e+00
-2.679119549721445281e+00
-2.533405541003140637e+00
-2.388017623623246433e+00
-2.242954602438448575e+00
-2.098215290181679737e+00
-1.953798507395688500e+00
-1.809703082360261339e+00
-1.665927851024407325e+00
-1.522471656937887330e+00
-1.379333351184454992e+00
-1.236511792312226188e+00
-1.094005846271004279e+00
-9.518143863434291863e-01
-8.099362930817327610e-01
-6.683704542424340200e-01
-5.271157647238821076e-01
-3.861711265004865723e-01
-2.455354485634943240e-01
-1.052076468563143408e-01
3.481335578544592080e-02
1.745286296953840743e-01
3.139392384351859522e-01
4.530462388568328724e-01
5.918506811592805228e-01
7.303536089467385084e-01
8.685560592896278687e-01
1.006459062777880442e+00
1.144063643580913725e+00
1.281370819502480884e+00
1.418381602036898226e+00
1.555096996423529498e+00
1.691518001702572160e+00
1.827645610768698470e+00
1.963480810424935274e+00
2.099024581434778547e+00
2.234277898577582189e+00
2.369241730697106973e+00
2.503917040756174828e+00
2.638304785886678161e+00
2.772405917440611489e+00
2.906221381039232554e+00
3.039752116625574985e+00
3.172999058510412418e+00
3.305963135423787502e+00
3.438645270562142198e+00
3.571046381636936218e+00
