-2.612154592702602895e+04
-2.751420188407944806e+04
-2.926239385827386650e+04
-3.145163687335723080e+04
-3.419631553139164316e+04
-3.770668132483817317e+04
-4.252604634913990594e+04
-5.049202148349701747e+04
-6.906643352705326106e+04
-1.307596770647918602e+05
-3.638704583530614036e+05
-1.091001488683826523e+06
-2.391409222854437772e+06
-3.517342273255633190e+06
-4.318714343333404511e+06
-5.220941510233985260e+06
-6.453714906018648297e+06
-8.192324994284497574e+06
-1.076586843330978975e+07
-1.493713270757219754e+07
-2.287310178894079477e+07
-4.399689440929609537e+07
-2.804930047959328890e+08
7.077833824029652774e+07
3.261295323910792172e+07
