7.741369542871259224e-01
6.805101638912489648e-01
6.268802616497796132e-01
6.024133030573226577e-01
6.000265473208022948e-01
6.160282218549830713e-01
6.504331641348932713e-01
7.092668468257250503e-01
8.129789506353896078e-01
1.026565157966362385e+00
1.534286206238484995e+00
2.444550416291908501e+00
2.757047360334651032e+00
1.907534495911159755e+00
1.150297442707473028e+00
8.045321539940790689e-01
6.455530126655540935e-01
5.562926085769375195e-01
5.002319443842738744e-01
4.648468902555246141e-01
4.443244954713660433e-01
4.351840640197900956e-01
4.350879716265597663e-01
4.423964890033246222e-01
4.559159812958384905e-01
