3.018171697437573224e+07
3.447990795174595714e+07
3.987024960412665457e+07
4.686306637642762810e+07
5.645034750626996160e+07
7.097739767287611961e+07
9.745122686147406697e+07
1.618422247398234904e+08
3.723973368001746535e+08
1.153110167412761450e+09
3.549105582176133156e+09
7.375474455712059975e+09
8.982294511921768188e+09
8.127585092856322289e+09
7.264563904498646736e+09
6.929320990360915184e+09
6.872995426121617317e+09
6.915392992003499985e+09
6.980468549571410179e+09
7.038831631475273132e+09
7.078592015880657196e+09
7.094614002353511810e+09
7.084963110173545837e+09
7.049723860396993637e+09
6.990464459829561234e+09
