-6.580645335145954959e+02
-6.577735562004502299e+02
-6.574823551090363480e+02
-6.571909292084053504e+02
-6.568992774596297295e+02
-6.566073988168089954e+02
-6.563152922271295893e+02
-6.560229566307708637e+02
-6.557303909610130859e+02
-6.554375941441821851e+02
-6.551445650996347467e+02
-6.548513027398054192e+02
-6.545578059702529572e+02
-6.542640736895593818e+02
-6.539701047893855730e+02
-6.536758981544796825e+02
-6.533814526626584893e+02
-6.530867671848375267e+02
-6.527918405849906094e+02
-6.524966717201963320e+02
-6.522012594405899790e+02
-6.519056025893723927e+02
-6.516097000028480579e+02
-6.513135505103978176e+02
-6.510171529344282817e+02
-6.507205060904839229e+02
-6.504236087870971232e+02
-6.501264598258957221e+02
-6.498290580015468549e+02
-6.495314021017627510e+02
-6.492334909072774281e+02
-6.489353231919017162e+02
-6.486368977223741012e+02
-6.483382132585535373e+02
-6.480392685532033283e+02
-6.477400623521441503e+02
-6.474405933941113744e+02
-6.471408604108258942e+02
-6.468408621269786636e+02
-6.465405972601594158e+02
-6.462400645208706464e+02
-6.459392626125649031e+02
-6.456381902315122261e+02
-6.453368460669082651e+02
-6.450352288007388779e+02
-6.447333371078310620e+02
-6.444311696558060021e+02
-6.441287251051221574e+02
-6.438260021088836993e+02
-6.435229993129953527e+02
-6.432197153560205152e+02
-6.429161488692734565e+02
-6.426122984766300306e+02
-6.423081627946112349e+02
-6.420037404323215924e+02
-6.416990299914328943e+02
-6.413940300661039373e+02
-6.410887392429860938e+02
-6.407831561011915937e+02
-6.404772792122195142e+02
-6.401711071399271304e+02
-6.398646384405262779e+02
-6.395578716624796698e+02
-6.392508053465398916e+02
-6.389434380255784163e+02
-6.386357682246912191e+02
-6.383277944609994847e+02
-6.380195152437349861e+02
-6.377109290740851293e+02
-6.374020344451781739e+02
-6.370928298420353713e+02
-6.367833137415507281e+02
-6.364734846122823910e+02
-6.361633409146119220e+02
-6.358528811004720183e+02
-6.355421036134300721e+02
-6.352310068885527699e+02
-6.349195893523246923e+02
-6.346078494226512703e+02
-6.342957855086805239e+02
-6.339833960108145448e+02
-6.336706793206266184e+02
-6.333576338206920582e+02
-6.330442578846359538e+02
-6.327305498769184169e+02
-6.324165081528548171e+02
-6.321021310584822004e+02
-6.317874169304643601e+02
-6.314723640959948625e+02
-6.311569708726964336e+02
-6.308412355685468356e+02
-6.305251564817855296e+02
-6.302087319007368933e+02
-6.298919601037815710e+02
-6.295748393592142520e+02
-6.292573679251198655e+02
-6.289395440492847911e+02
-6.286213659690407667e+02
-6.283028319111706423e+02
-6.279839400917768444e+02
-6.276646887161580253e+02
-6.273450759786547906e+02
-6.270251000625329425e+02
-6.267047591398248869e+02
-6.263840513712203801e+02
-6.260629749059062306e+02
-6.257415278813813302e+02
-6.254197084233608166e+02
-6.250975146455850791e+02
-6.247749446496577548e+02
-6.244519965248941844e+02
-6.241286683481295086e+02
-6.238049581835628032e+02
-6.234808640825986004e+02
-6.231563840836292911e+02
-6.228315162118633452e+02
-6.225062584791279505e+02
-6.221806088836750632e+02
-6.218545654100188358e+02
-6.215281260286543557e+02
-6.212012886958906392e+02
-6.208740513537032939e+02
-6.205464119293399108e+02
-6.202183683353063088e+02
-6.198899184689554431e+02
-6.195610602123597346e+02
-6.192317914320664158e+02
-6.189021099787329376e+02
-6.185720136870536408e+02
-6.182415003753487781e+02
-6.179105678454114923e+02
-6.175792138821194612e+02
-6.172474362532879013e+02
-6.169152327092848509e+02
-6.165826009827808321e+02
-6.162495387883792546e+02
-6.159160438225343341e+02
-6.155821137629735631e+02
-6.152477462685245655e+02
-6.149129389787379978e+02
-6.145776895135679752e+02
-6.142419954730302152e+02
-6.139058544368748471e+02
-6.135692639641788446e+02
-6.132322215930532820e+02
-6.128947248401736942e+02
-6.125567712004988152e+02
-6.122183581468011653e+02
-6.118794831292877916e+02
-6.115401435752308998e+02
-6.112003368884493284e+02
-6.108600604490001160e+02
-6.105193116127136364e+02
-6.101780877106701837e+02
-6.098363860487880856e+02
-6.094942039073289379e+02
-6.091515385404636618e+02
-6.088083871757577299e+02
-6.084647470135578260e+02
-6.081206152267934613e+02
-6.077759889600702081e+02
-6.074308653293571751e+02
-6.070852414213230759e+02
-6.067391142928133831e+02
-6.063924809703968322e+02
-6.060453384495704086e+02
-6.056976836941884130e+02
-6.053495136359498474e+02
-6.050008251737414184e+02
-6.046516151728533259e+02
-6.043018804644984812e+02
-6.039516178450211328e+02
-6.036008240751626772e+02
-6.032494958795306275e+02
-6.028976299455929393e+02
-6.025452229232381569e+02
-6.021922714237470018e+02
-6.018387720191518611e+02
-6.014847212414564410e+02
-6.011301155816466917e+02
-6.007749514890563205e+02
-6.004192253703637334e+02
-6.000629335887858815e+02
-5.997060724631252242e+02
-5.993486382668820625e+02
-5.989906272272914975e+02
-5.986320355243344693e+02
-5.982728592898077977e+02
-5.979130946062286966e+02
-5.975527375058281905e+02
-5.971917839694813210e+02
-5.968302299256683909e+02
-5.964680712492325938e+02
-5.961053037603523990e+02
-5.957419232232850845e+02
-5.953779253451672275e+02
-5.950133057748803367e+02
-5.946480601016697847e+02
-5.942821838538441170e+02
-5.939156724975705401e+02
-5.935485214353627725e+02
-5.931807260048035459e+02
-5.928122814770414379e+02
-5.924431830553545524e+02
-5.920734258736199536e+02
-5.917030049948493797e+02
-5.913319154094945134e+02
-5.909601520338962928e+02
-5.905877097086437288e+02
-5.902145831968229004e+02
-5.898407671822434395e+02
-5.894662562677491451e+02
-5.890910449732954248e+02
-5.887151277340642537e+02
-5.883384988986271082e+02
-5.879611527268165219e+02
-5.875830833878070507e+02
-5.872042849579738686e+02
-5.868247514187683009e+02
-5.864444766545340144e+02
-5.860634544502257768e+02
-5.856816784890910412e+02
-5.852991423503515307e+02
-5.849158395067047422e+02
-5.845317633218496667e+02
-5.841469070479522543e+02
-5.837612638229342110e+02
-5.833748266678538812e+02
-5.829875884840563458e+02
-5.825995420504175399e+02
-5.822106800203222292e+02
-5.818209949187173606e+02
-5.814304791390060245e+02
-5.810391249399159506e+02
-5.806469244421891744e+02
-5.802538696252836417e+02
-5.798599523239621476e+02
-5.794651642247542895e+02
-5.790694968623029126e+02
-5.786729416157148762e+02
-5.782754897046688711e+02
-5.778771321855845144e+02
-5.774778599475284864e+02
-5.770776637081044100e+02
-5.766765340092273391e+02
-5.762744612127034998e+02
-5.758714354957493242e+02
-5.754674468465101427e+02
-5.750624850590958204e+02
-5.746565397289361954e+02
-5.742496002476284502e+02
-5.738416557979069239e+02
-5.734326953482809586e+02
-5.730227076476628554e+02
-5.726116812197196850e+02
-5.721996043572657982e+02
-5.717864651162409473e+02
-5.713722513097038700e+02
-5.709569505016771700e+02
-5.705405500006088459e+02
-5.701230368529369343e+02
-5.697043978362255530e+02
-5.692846194522597898e+02
-5.688636879199386840e+02
-5.684415891678436310e+02
-5.680183088267756375e+02
-5.675938322219499241e+02
-5.671681443649971470e+02
-5.667412299458683265e+02
-5.663130733242576298e+02
-5.658836585210248131e+02
-5.654529692092932009e+02
-5.650209887052442355e+02
-5.645876999587168257e+02
-5.641530855435232752e+02
-5.637171276475274908e+02
-5.632798080623555279e+02
-5.628411081729403804e+02
-5.624010089466452200e+02
-5.619594909222228125e+02
-5.615165341983189364e+02
-5.610721184217524069e+02
-5.606262227754550622e+02
-5.601788259660721678e+02
-5.597299062111522971e+02
-5.592794412260859644e+02
-5.588274082106300966e+02
-5.583737838350172069e+02
-5.579185442257579552e+02
-5.574616649510023763e+02
-5.570031210055270776e+02
-5.565428867952631435e+02
-5.560809361214427327e+02
-5.556172421642637573e+02
-5.551517774662248712e+02
-5.546845139147640111e+02
-5.542154227247513063e+02
-5.537444744202011861e+02
-5.532716388156782159e+02
-5.527968849971349528e+02
-5.523201813022267288e+02
-5.518414953001482672e+02
-5.513607937708494546e+02
-5.508780426837836330e+02
-5.503932071760243616e+02
-5.499062515298454628e+02
-5.494171391497184231e+02
-5.489258325386555271e+02
-5.484322932739929684e+02
-5.479364819825034374e+02
-5.474383583149162860e+02
-5.469378809197339706e+02
-5.464350074164217403e+02
-5.459296943678925800e+02
-5.454218972523005959e+02
-5.449115704341883202e+02
-5.443986671347786341e+02
-5.438831394017628327e+02
-5.433649380780793763e+02
-5.428440127701908295e+02
-5.423203118153974174e+02
-5.417937822485442894e+02
-5.412643697678130366e+02
-5.407320186998063036e+02
-5.401966719637562164e+02
-5.396582710349902072e+02
-5.391167559075479403e+02
-5.385720650559644582e+02
-5.380241353961624782e+02
-5.374729022456924667e+02
-5.369182992828395982e+02
-5.363602585051622782e+02
-5.357987101869615572e+02
-5.352335828360660344e+02
-5.346648031496036992e+02
-5.340922959690715288e+02
-5.335159842344207846e+02
-5.329357889373869739e+02
-5.323516290739798933e+02
-5.317634215960272286e+02
-5.311710813620435374e+02
-5.305745210872414646e+02
-5.299736512926793921e+02
-5.293683802537110523e+02
-5.287586139476953804e+02
-5.281442560008592864e+02
-5.275252076346005197e+02
-5.269013676109987045e+02
-5.262726321777539624e+02
-5.256388950124686517e+02
-5.250000471664146744e+02
-5.243559770077335997e+02
-5.237065701642275144e+02
-5.230517094656363497e+02
-5.223912748856847656e+02
-5.217251434837594388e+02
-5.210531893463590905e+02
-5.203752835284741423e+02
-5.196912939948206258e+02
-5.190010855611906209e+02
-5.183045198358262269e+02
-5.176014551611574461e+02
-5.168917465557693731e+02
-5.161752456568606249e+02
-5.154518006633211371e+02
-5.147212562795267559e+02
-5.139834536599552166e+02
-5.132382303549029530e+02
-5.124854202573270641e+02
-5.117248535510872784e+02
-5.109563566607696430e+02
-5.101797522031482686e+02
-5.093948589407175973e+02
-5.086014917373382787e+02
-5.077994615163387380e+02
-5.069885752211878867e+02
-5.061686357791554656e+02
-5.053394420681025849e+02
-5.045007888867608585e+02
-5.036524669287874190e+02
-5.027942627608614430e+02
-5.019259588051436936e+02
-5.010473333266072018e+02
-5.001581604253605065e+02
-4.992582100344412765e+02
-4.983472479235227866e+02
-4.974250357088635042e+02
-4.964913308698556307e+02
-4.955458867728110590e+02
-4.945884527021941608e+02
-4.936187738998909253e+02
-4.926365916130075675e+02
-4.916416431506049207e+02
-4.906336619498969185e+02
-4.896123776525380435e+02
-4.885775161912508793e+02
-4.875287998877627160e+02
-4.864659475620632065e+02
-4.853886746541396064e+02
-4.842966933581144531e+02
-4.831897127699185717e+02
-4.820674390487389473e+02
-4.809295755929343272e+02
-4.797758232309654431e+02
-4.786058804278761158e+02
-4.774194435080960943e+02
-4.762162068947823172e+02
-4.749958633665719958e+02
-4.737581043321084167e+02
-4.725026201229807725e+02
-4.712291003053699683e+02
-4.699372340112337270e+02
-4.686267102890641922e+02
-4.672972184750037741e+02
-4.659484485844541268e+02
-4.645800917246274366e+02
-4.631918405283198581e+02
-4.617833896091910333e+02
-4.603544360385190544e+02
-4.589046798439221675e+02
-4.574338245297201979e+02
-4.559415776192138310e+02
-4.544276512185221577e+02
-4.528917626020346461e+02
-4.513336348189468481e+02
-4.497529973207354033e+02
-4.481495866089364881e+02
-4.465231469025747515e+02
-4.448734308247848617e+02
-4.432002001074902182e+02
-4.415032263134071400e+02
-4.397822915740355256e+02
-4.380371893427690679e+02
-4.362677251613055773e+02
-4.344737174382843818e+02
-4.326549982380246320e+02
-4.308114140780726302e+02
-4.289428267331087454e+02
-4.270491140433899773e+02
-4.251301707254251596e+02
-4.231859091823775429e+02
-4.212162603117178605e+02
-4.192211743074219044e+02
-4.172006214538287168e+02
-4.151545929082864745e+02
-4.130831014693469569e+02
-4.109861823275384722e+02
-4.088638937951612320e+02
-4.067163180119352432e+02
-4.045435616228506888e+02
-4.023457564248582798e+02
-4.001230599787288043e+02
-3.978756561824730511e+02
-3.956037558028494345e+02
-3.933075969611778646e+02
-3.909874455700706903e+02
-3.886435957175485782e+02
-3.862763699950348837e+02
-3.838861197660539801e+02
-3.814732253724337738e+02
-3.790380962748492379e+02
-3.765811711252143255e+02
-3.741029177678154838e+02
-3.716038331673025823e+02
-3.690844432610352328e+02
-3.665453027341384313e+02
-3.639869947155829664e+02
-3.614101303942850336e+02
-3.588153485540236147e+02
-3.562033150270855231e+02
-3.535747220661131678e+02
-3.509302876346756648e+02
-3.482707546171608328e+02
-3.455968899490499098e+02
-3.429094836691102728e+02
-3.402093478953600538e+02
-3.374973157272282833e+02
-3.347742400766069295e+02
-3.320409924309482790e+02
-3.292984615519218323e+02
-3.265475521136884254e+02
-3.237891832848425793e+02
-3.210242872588838736e+02
-3.182538077379659285e+02
-3.154786983752892979e+02
-3.126999211814376736e+02
-3.099184449005844613e+02
-3.071352433622113836e+02
-3.043512938145540261e+02
-3.015675752458757302e+02
-2.987850666997509279e+02
-2.960047455906569098e+02
-2.932275860262043921e+02
-2.904545571420511578e+02
-2.876866214557868489e+02
-2.849247332457078414e+02
-2.821698369604129653e+02
-2.794228656646936884e+02
-2.766847395273973689e+02
-2.739563643561747881e+02
-2.712386301841525551e+02
-2.685324099129763340e+02
-2.658385580164566591e+02
-2.631579093087387378e+02
-2.604912777802953769e+02
-2.578394555050267059e+02
-2.552032116208770844e+02
-2.525832913865634737e+02
-2.499804153158661677e+02
-2.473952783912498603e+02
-2.448285493575697558e+02
-2.422808700966957645e+02
-2.397528550830369909e+02
-2.372450909199644116e+02
-2.347581359564624961e+02
-2.322925199831979057e+02
-2.298487440066052727e+02
-2.274272800996317017e+02
-2.250285713270663734e+02
-2.226530317434410335e+02
-2.203010464610607357e+02
-2.179729717855849458e+02
-2.156691354162419429e+02
-2.133898367078490423e+02
-2.111353469912912431e+02
-2.089059099493655651e+02
-2.067017420444632307e+02
-2.045230329947903840e+02
-2.023699462954786839e+02
-2.002426197811318787e+02
-1.981411662262661650e+02
-1.960656739800149637e+02
-1.940162076317315041e+02
-1.919928087038898639e+02
-1.899954963689439751e+02
-1.880242681868087971e+02
-1.860791008597655889e+02
-1.841599510015452097e+02
-1.822667559176825591e+02
-1.803994343941973568e+02
-1.785578874917935366e+02
-1.767419993429498675e+02
-1.749516379494709497e+02
-1.731866559780001467e+02
-1.714468915514246419e+02
-1.697321690339787210e+02
-1.680422998082468666e+02
-1.663770830421547373e+02
-1.647363064444902534e+02
-1.631197470072694955e+02
-1.615271717337936082e+02
-1.599583383510423005e+02
-1.584129960054314950e+02
-1.568908859409254433e+02
-1.553917421586931482e+02
-1.539152920576620431e+02
-1.524612570552445163e+02
-1.510293531879574687e+02
-1.496192916913238662e+02
-1.482307795589656507e+02
-1.468635200805707086e+02
-1.455172133587024348e+02
-1.441915568043230280e+02
-1.428862456112225345e+02
-1.416009732092721265e+02
-1.403354316968634237e+02
-1.390893122525673675e+02
-1.378623055264902746e+02
-1.366541020114508740e+02
-1.354643923944938990e+02
-1.342928678890495746e+02
-1.331392205482162865e+02
-1.320031435595771541e+02
-1.308843315221041337e+02
-1.297824807055532688e+02
-1.286972892929818215e+02
-1.276284576067955072e+02
-1.265756883189949633e+02
-1.255386866460485749e+02
-1.245171605290413623e+02
-1.235108207995916274e+02
-1.225193813321157847e+02
-1.215425591830110648e+02
-1.205800747172601319e+02
-1.196316517230496004e+02
-1.186970175149043172e+02
-1.177759030259048387e+02
-1.168680428894398204e+02
-1.159731755111175033e+02
-1.150910431311785231e+02
-1.142213918780702926e+02
-1.133639718134992194e+02
-1.125185369695458206e+02
-1.116848453781940407e+02
-1.108626590937875704e+02
-1.100517442087668485e+02
-1.092518708631518649e+02
-1.084628132480901286e+02
-1.076843496039345780e+02
-1.069162622131321712e+02
-1.061583373883202910e+02
-1.054103654559436194e+02
-1.046721407357245255e+02
-1.039434615162728619e+02
-1.032241300271543309e+02
-1.025139524076728463e+02
-1.018127386726394406e+02
-1.011203026753934608e+02
-1.004364620682958531e+02
-9.976103826093576288e+01
-9.909385637627003973e+01
-9.843474520489765212e+01
-9.778353715764261267e+01
-9.714006821668391467e+01
-9.650417788533393093e+01
-9.587570913669327410e+01
-9.525450836129198251e+01
-9.464042531389944202e+01
-9.403331305958333530e+01
-9.343302791922735651e+01
-9.283942941454165521e+01
-9.225238021274658706e+01
-9.167174607097426531e+01
-9.109739578055601328e+01
-9.052920111121075308e+01
-8.996703675528353017e+01
-8.941078027205846013e+01
-8.886031203226708897e+01
-8.831551516282664238e+01
-8.777627549187788247e+01
-8.724248149419034348e+01
-8.671402423696018502e+01
-8.619079732609861821e+01
-8.567269685298008142e+01
-8.515962134177900111e+01
-8.465147169733837984e+01
-8.414815115368594434e+01
-8.364956522316033727e+01
-8.315562164622782859e+01
-8.266623034196211961e+01
-8.218130335924665530e+01
-8.170075482869941652e+01
-8.122450091534234673e+01
-8.075245977200685843e+01
-8.028455149353062836e+01
-7.982069807169978048e+01
-7.936082335099510487e+01
-7.890485298510164114e+01
-7.845271439422943160e+01
-7.800433672320019696e+01
-7.755965080035143444e+01
-7.711858909721124178e+01
-7.668108568897675070e+01
-7.624707621577238115e+01
-7.581649784469098563e+01
-7.538928923262180604e+01
-7.496539048984013220e+01
-7.454474314437457849e+01
-7.412729010712855882e+01
-7.371297563775377171e+01
-7.330174531127659066e+01
-7.289354598544764485e+01
-7.248832576883340550e+01
-7.208603398961112418e+01
-7.168662116508139093e+01
-7.129003897187429573e+01
-7.089624021684186062e+01
-7.050517880863552023e+01
-7.011680972993322314e+01
-6.973108901033810980e+01
-6.934797369991092353e+01
-6.896742184333946568e+01
-6.858939245472285506e+01
-6.821384549297810906e+01
-6.784074183782536238e+01
-6.747004326638199245e+01
-6.710171243031528832e+01
-6.673571283356361050e+01
-6.637200881061821178e+01
-6.601056550533176903e+01
-6.565134885027063660e+01
-6.529432554657189769e+01
-6.493946304432535044e+01
-6.458672952343607676e+01
-6.423609387497920409e+01
-6.388752568303077339e+01
-6.354099520696465930e+01
-6.319647336419470918e+01
-6.285393171336880869e+01
-6.251334243799249890e+01
-6.217467833047651737e+01
-6.183791277659902619e+01
-6.150301974036792529e+01
-6.116997374927510833e+01
-6.083874987995054795e+01
-6.050932374416409942e+01
-6.018167147522020599e+01
-5.985576971469382102e+01
-5.953159559952053570e+01
-5.920912674942282194e+01
-5.888834125467226954e+01
-5.856921766417070785e+01
-5.825173497384508892e+01
-5.793587261535719790e+01
-5.762161044510095564e+01
-5.730892873350280325e+01
-5.699780815459222794e+01
-5.668822977586801670e+01
-5.638017504841387506e+01
-5.607362579729056051e+01
-5.576856421217939186e+01
-5.546497283827640956e+01
-5.516283456741910385e+01
-5.486213262947294567e+01
-5.456285058392110443e+01
-5.426497231169263102e+01
-5.396848200721071720e+01
-5.367336417064830556e+01
-5.337960360038663055e+01
-5.308718538568319900e+01
-5.279609489953394785e+01
-5.250631779172039160e+01
-5.221783998204808341e+01
-5.193064765376559677e+01
-5.164472724715265883e+01
-5.136006545329006201e+01
-5.107664920798662678e+01
-5.079446568587062671e+01
-5.051350229464317465e+01
-5.023374666947954381e+01
-4.995518666758123771e+01
-4.967781036287421870e+01
-4.940160604084819340e+01
-4.912656219353127085e+01
-4.885266751460180501e+01
-4.857991089462409917e+01
-4.830828141642169271e+01
-4.803776835055594319e+01
-4.776836115094638302e+01
-4.750004945058833528e+01
-4.723282305739066089e+01
-4.696667195013104390e+01
-4.670158627450475564e+01
-4.643755633928554261e+01
-4.617457261259104939e+01
-4.591262571823708782e+01
-4.565170643219321533e+01
-4.539180567913565767e+01
-4.513291452908438828e+01
-4.487502419412569310e+01
-4.461812602523415450e+01
-4.436221150916232148e+01
-4.410727226541892065e+01
-4.385330004333074783e+01
-4.360028671916838050e+01
-4.334822429335847005e+01
-4.309710488776541837e+01
-4.284692074303816867e+01
-4.259766421603173114e+01
-4.234932777729498099e+01
-4.210190400861915805e+01
-4.185538560065641178e+01
-4.160976535058904346e+01
-4.136503615987313509e+01
-4.112119103202512349e+01
-4.087822307047713366e+01
-4.063612547647902318e+01
-4.039489154705972851e+01
-4.015451467303194022e+01
-3.991498833706299365e+01
-3.967630611177621347e+01
-3.943846165791367753e+01
-3.920144872253938217e+01
-3.896526113729117924e+01
-3.872989281667045702e+01
-3.849533775638602862e+01
-3.826159003172585216e+01
-3.802864379597770750e+01
-3.779649327889199384e+01
-3.756513278517329724e+01
-3.733455669301634572e+01
-3.710475945267728548e+01
-3.687573558507862259e+01
-3.664747968044901683e+01
-3.641998639699808393e+01
-3.619325045962033016e+01
-3.596726665863459260e+01
-3.574202984855206466e+01
-3.551753494687497437e+01
-3.529377693292213536e+01
-3.507075084668797160e+01
-3.484845178772258123e+01
-3.462687491404629014e+01
-3.440601544108094600e+01
-3.418586864061685304e+01
-3.396642983979498354e+01
-3.374769442012125609e+01
-3.352965781649690058e+01
-3.331231551628148679e+01
-3.309566305836322897e+01
-3.287969603226763127e+01
-3.266441007727635082e+01
-3.244980088156604836e+01
-3.223586418137721665e+01
-3.202259576019021381e+01
-3.180999144792776789e+01
-3.159804712017383821e+01
-3.138675869740957580e+01
-3.117612214426803874e+01
-3.096613346880473117e+01
-3.075678872178518120e+01
-3.054808399598874047e+01
-3.034001542552703867e+01
-3.013257918518122125e+01
-2.992577148974694978e+01
-2.971958859340173120e+01
-2.951402678908063493e+01
-2.930908240787004360e+01
-2.910475181840876502e+01
-2.890103142631086897e+01
-2.869791767359230406e+01
-2.849540703811490516e+01
-2.829349603304261151e+01
-2.809218120630644577e+01
-2.789145914008240368e+01
-2.769132645028225426e+01
-2.749177978605223416e+01
-2.729281582928232197e+01
-2.709443129412959195e+01
-2.689662292654766418e+01
-2.669938750382626225e+01
-2.650272183414248772e+01
-2.630662275612109724e+01
-2.611108713839802320e+01
-2.591611187920350190e+01
-2.572169390594443783e+01
-2.552783017479798033e+01
-2.533451767031544932e+01
-2.514175340503131650e+01
-2.494953441908031166e+01
-2.475785777982545355e+01
-2.456672058148761906e+01
-2.437611994478733024e+01
-2.418605301659090046e+01
-2.399651696956521718e+01
-2.380750900183592833e+01
-2.361902633665715356e+01
-2.343106622208140166e+01
-2.324362593064378402e+01
-2.305670275903968047e+01
-2.287029402782507503e+01
-2.268439708110701503e+01
-2.249900928624786900e+01
-2.231412803357514107e+01
-2.212975073609256427e+01
-2.194587482920002586e+01
-2.176249777041615019e+01
-2.157961703910866902e+01
-2.139723013622468528e+01
-2.121533458403284556e+01
-2.103392792586249271e+01
-2.085300772585294737e+01
-2.067257156870437740e+01
-2.049261705943432332e+01
-2.031314182313604277e+01
-2.013414350474566206e+01
-1.995561976880757982e+01
-1.977756829924723903e+01
-1.959998679914816933e+01
-1.942287299053049310e+01
-1.924622461413363084e+01
-1.907003942920519890e+01
-1.889431521328828723e+01
-1.871904976201841109e+01
-1.854424088891642697e+01
-1.836988642519350989e+01
-1.819598421955087275e+01
-1.802253213798617892e+01
-1.784952806360641375e+01
-1.767696989643694749e+01
-1.750485555323786357e+01
-1.733318296732246466e+01
-1.716195008837943092e+01
-1.699115488229227822e+01
-1.682079533097138579e+01
-1.665086943217761473e+01
-1.648137519935767514e+01
-1.631231066147516628e+01
-1.614367386285016082e+01
-1.597546286299321316e+01
-1.580767573645131208e+01
-1.564031057264814351e+01
-1.547336547573036114e+01
-1.530683856441545387e+01
-1.514072797184295283e+01
-1.497503184542285304e+01
-1.480974834669357953e+01
-1.464487565117572743e+01
-1.448041194823079003e+01
-1.431635544092035595e+01
-1.415270434586962445e+01
-1.398945689312941809e+01
-1.382661132604143894e+01
-1.366416590110803320e+01
-1.350211888785834446e+01
-1.334046856872053333e+01
-1.317921323889373042e+01
-1.301835120622338415e+01
-1.285788079107384441e+01
-1.269780032620975874e+01
-1.253810815667113587e+01
-1.237880263965618610e+01
-1.221988214440167653e+01
-1.206134505206817487e+01
-1.190318975562112769e+01
-1.174541465972201770e+01
-1.158801818061137112e+01
-1.143099874600055266e+01
-1.127435479496058335e+01
-1.111808477781520565e+01
-1.096218715603096072e+01
-1.080666040211516332e+01
-1.065150299950794732e+01
-1.049671344248063498e+01
-1.034229023603313102e+01
-1.018823189579361355e+01
-1.003453694791700279e+01
-9.881203928987529750e+00
-9.728231385922004648e+00
-9.575617875871317963e+00
-9.423361966126503120e+00
-9.271462234024166804e+00
-9.119917266853631688e+00
-8.968725661763009782e+00
-8.817886025670972572e+00
-8.667396975173792484e+00
-8.517257136457844879e+00
-8.367465145210433164e+00
-8.218019646534287403e+00
-8.068919294857801461e+00
-7.920162753853980497e+00
-7.771748696352648089e+00
-7.623675804258454036e+00
-7.475942768467321642e+00
-7.328548288786733700e+00
-7.181491073850649443e+00
-7.034769841044541394e+00
-6.888383316422193481e+00
-6.742330234628958863e+00
-6.596609338823779645e+00
-6.451219380603454567e+00
-6.306159119923877121e+00
-6.161427325027656998e+00
-6.017022772369274186e+00
-5.872944246538591706e+00
-5.729190540191852143e+00
-5.585760453976387652e+00
-5.442652796461439735e+00
-5.299866384064332969e+00
-5.157400040984017053e+00
-5.015252599129114586e+00
-4.873422898050209007e+00
-4.731909784871143998e+00
-4.590712114223638451e+00
-4.449828748177193205e+00
-4.309258556176889243e+00
-4.169000414975094770e+00
-4.029053208568159405e+00
-3.889415828131834285e+00
-3.750087171958752741e+00
-3.611066145393030613e+00
-3.472351660771730852e+00
-3.333942637359959438e+00
-3.195838001291436026e+00
-3.058036685507540486e+00
-2.920537629698159776e+00
-2.783339780240707384e+00
-2.646442090142807402e+00
-2.509843518984621102e+00
-2.373543032858686619e+00
-2.237539604315772479e+00
-2.101832212306383507e+00
-1.966419842125484374e+00
-1.831301485356573888e+00
-1.696476139817979734e+00
-1.561942809506475127e+00
-1.427700504544662019e+00
-1.293748241127123721e+00
-1.160085041468409184e+00
-1.026709933748145565e+00
-8.936219520625948709e-01
-7.608201363702071784e-01
-6.283035324420956913e-01
-4.960711918109971807e-01
-3.641221717224696897e-01
-2.324555350826611189e-01
-1.010703504125993468e-01
3.003430820327171805e-02
1.608593611636791321e-01
2.914057233992107809e-01
