1.043993570065286121e+03
8.942063203247563479e+02
8.016867203879489807e+02
7.491775547185985715e+02
7.249768905018484020e+02
7.219329934094280361e+02
7.369917897072772348e+02
7.721198242887634251e+02
8.386268352471441858e+02
9.711003944834293407e+02
1.253519804221797813e+03
1.674234443519273555e+03
1.607973256302018171e+03
9.195800599979941126e+02
4.164461580699662591e+02
2.077937958402851280e+02
1.246746516273607455e+02
8.418318304571940303e+01
6.013500821480698022e+01
4.414419532768538090e+01
3.298856207795599005e+01
2.527303372588838570e+01
2.051750855804978713e+01
1.870412924138823740e+01
1.963741020594114062e+01
