4.351887994526830153e+05
4.348085654982072301e+05
4.344282167957304046e+05
4.340477524486547336e+05
4.336671715539551806e+05
4.332864732021687087e+05
4.329056564774896251e+05
4.325247204577560187e+05
4.321436642145164660e+05
4.317624868130776449e+05
4.313811873124543345e+05
4.309997647655045730e+05
4.306182182189461309e+05
4.302365467133335187e+05
4.298547492831235868e+05
4.294728249567350722e+05
4.290907727565237437e+05
4.287085916988803074e+05
4.283262807941882056e+05
4.279438390469279839e+05
4.275612654556630296e+05
4.271785590130524943e+05
4.267957187059296994e+05
4.264127435152957914e+05
4.260296324163652025e+05
4.256463843785926583e+05
4.252629983656844706e+05
4.248794733356171637e+05
4.244958082407063339e+05
4.241120020275958232e+05
4.237280536372684292e+05
4.233439620051223901e+05
4.229597260609396617e+05
4.225753447289367323e+05
4.221908169277892448e+05
4.218061415706191910e+05
4.214213175650587655e+05
4.210363438132308656e+05
4.206512192118034582e+05
4.202659426519591943e+05
4.198805130194727099e+05
4.194949291946588201e+05
4.191091900524382945e+05
4.187232944623436779e+05
4.183372412884932710e+05
4.179510293896511430e+05
4.175646576192156645e+05
4.171781248252374935e+05
4.167914298503948376e+05
4.164045715320433956e+05
4.160175487022052403e+05
4.156303601875925087e+05
4.152430048095732345e+05
4.148554813841950963e+05
4.144677887222049758e+05
4.140799256290246849e+05
4.136918909047489287e+05
4.133036833441631170e+05
4.129153017367375433e+05
4.125267448665992706e+05
4.121380115125522716e+05
4.117491004480589763e+05
4.113600104412320070e+05
4.109707402548420359e+05
4.105812886462677270e+05
4.101916543675279827e+05
4.098018361652277526e+05
4.094118327805881854e+05
4.090216429493703763e+05
4.086312654019157635e+05
4.082406988630662090e+05
4.078499420522598084e+05
4.074589936833025422e+05
4.070678524645610596e+05
4.066765170987991150e+05
4.062849862831899663e+05
4.058932587092882022e+05
4.055013330629863194e+05
4.051092080245164689e+05
4.047168822683616308e+05
4.043243544632543926e+05
4.039316232721245615e+05
4.035386873520548688e+05
4.031455453542430769e+05
4.027521959239746211e+05
4.023586377005241229e+05
4.019648693171556224e+05
4.015708894010537188e+05
4.011766965732666431e+05
4.007822894486313453e+05
4.003876666357538779e+05
3.999928267369308160e+05
3.995977683480728301e+05
3.992024900586492731e+05
3.988069904516249080e+05
3.984112681033826666e+05
3.980153215836474556e+05
3.976191494554103119e+05
3.972227502748718252e+05
3.968261225913213566e+05
3.964292649470922188e+05
3.960321758774400223e+05
3.956348539104752708e+05
3.952372975670548622e+05
3.948395053607175360e+05
3.944414757975529064e+05
3.940432073760832427e+05
3.936446985872435616e+05
3.932459479141531046e+05
3.928469538321145228e+05
3.924477148084212095e+05
3.920482293022723752e+05
3.916484957646522671e+05
3.912485126381951268e+05
3.908482783570847823e+05
3.904477913468614570e+05
3.900470500243481947e+05
3.896460527974704164e+05
3.892447980651551043e+05
3.888432842171182856e+05
3.884415096337629366e+05
3.880394726860543014e+05
3.876371717352357809e+05
3.872346051328044850e+05
3.868317712202725234e+05
3.864286683289833018e+05
3.860252947799846879e+05
3.856216488837862271e+05
3.852177289402417373e+05
3.848135332382749184e+05
3.844090600557607249e+05
3.840043076592762372e+05
3.835992743039182387e+05
3.831939582330500125e+05
3.827883576781491283e+05
3.823824708585425979e+05
3.819762959811839974e+05
3.815698312404014869e+05
3.811630748177194037e+05
3.807560248815451050e+05
3.803486795869425987e+05
3.799410370754025062e+05
3.795330954745344934e+05
3.791248528978168033e+05
3.787163074443306541e+05
3.783074571984533686e+05
3.778983002295862534e+05
3.774888345918585546e+05
3.770790583238040563e+05
3.766689694480784819e+05
3.762585659711174085e+05
3.758478458828180446e+05
3.754368071562143741e+05
3.750254477471133578e+05
3.746137655937904492e+05
3.742017586165585089e+05
3.737894247174757766e+05
3.733767617799309664e+05
3.729637676682781312e+05
3.725504402274134336e+05
3.721367772824136773e+05
3.717227766381239635e+05
3.713084360786710167e+05
3.708937533671361161e+05
3.704787262450375711e+05
3.700633524319033604e+05
3.696476296248344006e+05
3.692315554979800363e+05
3.688151277021254646e+05
3.683983438641286339e+05
3.679812015864777495e+05
3.675636984467144939e+05
3.671458319969670265e+05
3.667275997633723309e+05
3.663089992455150350e+05
3.658900279159038328e+05
3.654706832193503506e+05
3.650509625724040088e+05
3.646308633627307718e+05
3.642103829485322931e+05
3.637895186578168650e+05
3.633682677878395189e+05
3.629466276044365368e+05
3.625245953412997769e+05
3.621021681993319071e+05
3.616793433458820218e+05
3.612561179140575114e+05
3.608324890019606100e+05
3.604084536719736061e+05
3.599840089498625603e+05
3.595591518241290469e+05
3.591338792451053741e+05
3.587081881241282681e+05
3.582820753326916602e+05
3.578555377015964477e+05
3.574285720200308133e+05
3.570011750346258050e+05
3.565733434485755279e+05
3.561450739206306753e+05
3.557163630641768686e+05
3.552872074461469892e+05
3.548576035860809498e+05
3.544275479549780139e+05
3.539970369743355550e+05
3.535660670148652862e+05
3.531346343955698540e+05
3.527027353824436432e+05
3.522703661873604869e+05
3.518375229668462998e+05
3.514042018207593937e+05
3.509703987911180011e+05
3.505361098607868189e+05
3.501013309521035408e+05
3.496660579254823388e+05
3.492302865781354485e+05
3.487940126425226335e+05
3.483572317848969833e+05
3.479199396038911655e+05
3.474821316288531525e+05
3.470438033183857333e+05
3.466049500586261274e+05
3.461655671616673353e+05
3.457256498638069606e+05
3.452851933238759520e+05
3.448441926213590777e+05
3.444026427546604536e+05
3.439605386391897919e+05
3.435178751054658787e+05
3.430746468971167342e+05
3.426308486689122510e+05
3.421864749846727354e+05
3.417415203151610913e+05
3.412959790359138860e+05
3.408498454250372015e+05
3.404031136608910165e+05
3.399557778198026353e+05
3.395078318736242363e+05
3.390592696873403038e+05
3.386100850164965377e+05
3.381602715046388912e+05
3.377098226806904422e+05
3.372587319562203484e+05
3.368069926226468524e+05
3.363545978484447114e+05
3.359015406761733466e+05
3.354478140194863081e+05
3.349934106600634404e+05
3.345383232444954920e+05
3.340825442809759406e+05
3.336260661360500380e+05
3.331688810311948182e+05
3.327109810393201769e+05
3.322523580812143628e+05
3.317930039218660095e+05
3.313329101666786009e+05
3.308720682576590916e+05
3.304104694694152568e+05
3.299481049051145674e+05
3.294849654923254275e+05
3.290210419787162682e+05
3.285563249277167488e+05
3.280908047139659175e+05
3.276244715187395341e+05
3.271573153252240736e+05
3.266893259136183769e+05
3.262204928561929264e+05
3.257508055121819489e+05
3.252802530225117225e+05
3.248088243044410483e+05
3.243365080460818717e+05
3.238632927006635000e+05
3.233891664808283094e+05
3.229141173525750637e+05
3.224381330292384373e+05
3.219612009651792469e+05
3.214833083493739250e+05
3.210044420988174970e+05
3.205245888517601416e+05
3.200437349607991055e+05
3.195618664857503609e+05
3.190789691863331827e+05
3.185950285147328977e+05
3.181100296079198015e+05
3.176239572797427536e+05
3.171367960129257990e+05
3.166485299507474992e+05
3.161591428886008216e+05
3.156686182652632124e+05
3.151769391540144570e+05
3.146840882534722914e+05
3.141900478782508289e+05
3.136947999493503594e+05
3.131983259843215346e+05
3.127006070871713455e+05
3.122016239380574552e+05
3.117013567826607614e+05
3.111997854213778046e+05
3.106968891982137575e+05
3.101926469893355970e+05
3.096870371915149153e+05
3.091800377101019258e+05
3.086716259468633216e+05
3.081617787874265341e+05
3.076504725885047810e+05
3.071376831647541840e+05
3.066233857753696502e+05
3.061075551103595062e+05
3.055901652764905593e+05
3.050711897829167428e+05
3.045506015265024616e+05
3.040283727767688106e+05
3.035044751605654019e+05
3.029788796463394538e+05
3.024515565281339223e+05
3.019224754091433715e+05
3.013916051850059303e+05
3.008589140267104958e+05
3.003243693631231436e+05
2.997879378631686559e+05
2.992495854176955181e+05
2.987092771208594204e+05
2.981669772512895288e+05
2.976226492527663358e+05
2.970762557145727333e+05
2.965277583515043953e+05
2.959771179834710783e+05
2.954242945147395367e+05
2.948692469128425000e+05
2.943119331870527822e+05
2.937523103665943490e+05
2.931903344784110086e+05
2.926259605246290448e+05
2.920591424596595461e+05
2.914898331669787294e+05
2.909179844355495879e+05
2.903435469359421404e+05
2.897664701961371466e+05
2.891867025770382606e+05
2.886041912476797588e+05
2.880188821601822274e+05
2.874307200244175619e+05
2.868396482824977138e+05
2.862456090829835739e+05
2.856485432549128309e+05
2.850483902817050111e+05
2.844450882748254226e+05
2.838385739474075381e+05
2.832287825877474970e+05
2.826156480327621684e+05
2.819991026413925574e+05
2.813790772680803202e+05
2.807555012362103444e+05
2.801283023117685225e+05
2.794974066770246136e+05
2.788627389045368764e+05
2.782242219312995439e+05
2.775817770332514774e+05
2.769353238001812715e+05
2.762847801109963330e+05
2.756300621095785173e+05
2.749710841811199207e+05
2.743077589292487246e+05
2.736399971537693636e+05
2.729677078292899532e+05
2.722907980847756262e+05
2.716091731841210858e+05
2.709227365078078583e+05
2.702313895358475856e+05
2.695350318320352817e+05
2.688335610296892701e+05
2.681268728189985268e+05
2.674148609360543196e+05
2.666974171538160299e+05
2.659744312750252429e+05
2.652457911273733480e+05
2.645113825609025662e+05
2.637710894479860435e+05
2.630247936859315960e+05
2.622723752024731366e+05
2.615137119642801990e+05
2.607486799887170200e+05
2.599771533590424515e+05
2.591990042432821938e+05
2.584141029169440444e+05
2.576223177898528520e+05
2.568235154373010737e+05
2.560175606357975339e+05
2.552043164036027738e+05
2.543836440463654289e+05
2.535554032080391189e+05
2.527194519274461200e+05
2.518756467006992607e+05
2.510238425497172575e+05
2.501638930972071539e+05
2.492956506483529811e+05
2.484189662794441683e+05
2.475336899338476360e+05
2.466396705254871922e+05
2.457367560502568667e+05
2.448247937055056682e+05
2.439036300180158578e+05
2.429731109806845488e+05
2.420330821982200432e+05
2.410833890421320393e+05
2.401238768151929544e+05
2.391543909258569765e+05
2.381747770725606824e+05
2.371848814384572324e+05
2.361845508965410991e+05
2.351736332255832094e+05
2.341519773368745518e+05
2.331194335120764445e+05
2.320758536522007489e+05
2.310210915379804501e+05
2.299550031014762935e+05
2.288774467092293489e+05
2.277882834566969250e+05
2.266873774742662790e+05
2.255745962443705066e+05
2.244498109299994539e+05
2.233128967140874884e+05
2.221637331498251588e+05
2.210022045214461687e+05
2.198282002152609639e+05
2.186416151004610874e+05
2.174423499193232274e+05
2.162303116862122260e+05
2.150054140948339482e+05
2.137675779330487130e+05
2.125167315045118448e+05
2.112528110563360387e+05
2.099757612118158140e+05
2.086855354073545022e+05
2.073820963323681790e+05
2.060654163712299487e+05
2.047354780457928136e+05
2.033922744574227254e+05
2.020358097269918362e+05
2.006660994314163399e+05
1.992831710352338850e+05
1.978870643155518337e+05
1.964778317787102133e+05
1.950555390668820764e+05
1.936202653528572991e+05
1.921721037210581126e+05
1.907111615329000051e+05
1.892375607746292371e+05
1.877514383854775515e+05
1.862529465642923606e+05
1.847422530524554895e+05
1.832195413912545482e+05
1.816850111514658201e+05
1.801388781333318038e+05
1.785813745349156088e+05
1.770127490868187742e+05
1.754332671515804832e+05
1.738432107858455274e+05
1.722428787636406487e+05
1.706325865592009504e+05
1.690126662879016949e+05
1.673834666038080759e+05
1.657453525529517501e+05
1.640987053809434001e+05
1.624439222944167559e+05
1.607814161753861117e+05
1.591116152482358739e+05
1.574349626989524986e+05
1.557519162467071146e+05
1.540629476678408100e+05
1.523685422728391422e+05
1.506691983368532674e+05
1.489654264847544546e+05
1.472577490318783093e+05
1.455466992818698927e+05
1.438328207832990156e+05
1.421166665469322470e+05
1.403987982258502452e+05
1.386797852606994566e+05
1.369602039927681035e+05
1.352406367475326115e+05
1.335216708918486838e+05
1.318038978677545383e+05
1.300879122063393297e+05
1.283743105250793451e+05
1.266636905122532480e+05
1.249566499020373594e+05
1.232537854441823729e+05
1.215556918719049572e+05
1.198629608719582175e+05
1.181761800606657198e+05
1.164959319697559840e+05
1.148227930457243492e+05
1.131573326665235218e+05
1.115001121790775505e+05
1.098516839612086042e+05
1.082125905112863693e+05
1.065833635688222130e+05
1.049645232689883996e+05
1.033565773339982698e+05
1.017600203038134350e+05
1.001753328087139525e+05
9.860298088580580952e+04
9.704341534141049488e+04
9.549707116098402184e+04
9.396436696797636978e+04
9.244570453276386252e+04
9.094146833249332849e+04
8.945202516253972135e+04
8.797772379978421668e+04
8.651889471794424753e+04
8.507584985467648949e+04
8.364888243017042987e+04
8.223826681647579244e+04
8.084425845681257488e+04
7.946709383373243327e+04
7.810699048493483861e+04
7.676414706522197230e+04
7.543874345309272758e+04
7.413094090011899243e+04
7.284088222129852511e+04
7.156869202434156614e+04
7.031447697581718967e+04
6.907832610192407446e+04
6.786031112172256690e+04
6.666048681043002580e+04
6.547889139049653022e+04
6.431554694810236106e+04
6.317045987267525925e+04
6.204362131710854737e+04
6.093500767631514464e+04
5.984458108183251898e+04
5.877228991017364751e+04
5.771806930278455548e+04
5.668184169537368871e+04
5.566351735460437339e+04
5.466299492008948437e+04
5.368016194983889000e+04
5.271489546724499814e+04
5.176706250793168874e+04
5.083652066480273788e+04
4.992311862973935058e+04
4.902669673049856647e+04
4.814708746150997467e+04
4.728411600726019969e+04
4.643760075719002634e+04
4.560735381102785323e+04
4.479318147363286698e+04
4.399488473848017020e+04
4.321225975908850523e+04
4.244509830765397055e+04
4.169318822039931547e+04
4.095631382908558589e+04
4.023425637832776556e+04
3.952679442835434020e+04
3.883370424297147110e+04
3.815476016255026479e+04
3.748973496188180434e+04
3.683840019290048076e+04
3.620052651220169355e+04
3.557588399345933431e+04
3.496424242480128305e+04
3.436537159131135559e+04
3.377904154281063529e+04
3.320502284717244038e+04
3.264308682937315825e+04
3.209300579661647134e+04
3.155455324977427881e+04
3.102750408153118769e+04
3.051163476153471129e+04
3.000672350893892144e+04
2.951255045271975905e+04
2.902889778013786781e+04
2.855554987375467681e+04
2.809229343741776393e+04
2.763891761159853922e+04
2.719521407852130869e+04
2.676097715747548136e+04
2.633600389074112172e+04
2.592009412051682375e+04
2.551305055727696890e+04
2.511467883994316799e+04
2.472478758827054480e+04
2.434318844784692919e+04
2.396969612806754594e+04
2.360412843347118178e+04
2.324630628879839423e+04
2.289605375812713828e+04
2.255319805841687776e+04
2.221756956782443740e+04
2.188900182907419003e+04
2.156733154823653604e+04
2.125239858917934180e+04
2.094404596401492745e+04
2.064211981979299890e+04
2.034646942173110801e+04
2.005694713322227472e+04
1.977340839288173811e+04
1.949571168884754661e+04
1.922371853058729539e+04
1.895729341839614426e+04
1.869630381081278392e+04
1.844062009013440911e+04
1.819011552621929150e+04
1.794466623875228106e+04
1.770415115813391822e+04
1.746845198515896845e+04
1.723745314961613622e+04
1.701104176796807951e+04
1.678910760022404429e+04
1.657154300614142994e+04
1.635824290086363180e+04
1.614910471011111804e+04
1.594402832501253215e+04
1.574291605669320052e+04
1.554567259068361454e+04
1.535220494125054211e+04
1.516242240571781804e+04
1.497623651885013714e+04
1.479356100736054213e+04
1.461431174461611590e+04
1.443840670557774683e+04
1.426576592204503504e+04
1.409631143823533603e+04
1.392996726676019534e+04
1.376665934501650008e+04
1.360631549204485964e+04
1.344886536587928822e+04
1.329424042141827704e+04
1.314237386884531770e+04
1.299320063261811265e+04
1.284665731105209670e+04
1.270268213650752841e+04
1.256121493620823276e+04
1.242219709369197699e+04
1.228557151091213564e+04
1.215128257099716211e+04
1.201927610167723469e+04
1.188949933937721653e+04
1.176190089399220960e+04
1.163643071433459772e+04
1.151304005426641015e+04
1.139168143950739250e+04
1.127230863512665928e+04
1.115487661370547175e+04
1.103934152418094345e+04
1.092566066135516849e+04
1.081379243607318313e+04
1.070369634605844476e+04
1.059533294740776182e+04
1.048866382672690452e+04
1.038365157391456160e+04
1.028025975557375568e+04
1.017845288905100097e+04
1.007819641709173811e+04
9.979456683101345334e+03
9.882200907009426373e+03
9.786397161716993651e+03
9.692014350128867591e+03
9.599022182752996741e+03
9.507391155860219442e+03
9.417092530193631319e+03
9.328098310219334962e+03
9.240381223903013961e+03
9.153914703009513687e+03
9.068672863908461295e+03
8.984630488879638506e+03
8.901763007905718041e+03
8.820046480944254654e+03
8.739457580663787667e+03
8.659973575642958167e+03
8.581572314010318223e+03
8.504232207526527418e+03
8.427932216090779548e+03
8.352651832666635528e+03
8.278371068612437739e+03
8.205070439413830172e+03
8.132730950800976643e+03
8.061334085247151961e+03
7.990861788836455162e+03
7.921296458492106467e+03
7.852620929557537238e+03
7.784818463718218482e+03
7.717872737261629482e+03
7.651767829658876508e+03
7.586488212466948426e+03
7.522018738539150036e+03
7.458344631536901034e+03
7.395451475734565975e+03
7.333325206111433545e+03
7.271952098720300455e+03
7.211318761327875109e+03
7.151412124318373571e+03
7.092219431854182403e+03
7.033728233284598900e+03
6.975926374800175836e+03
6.918801991320019624e+03
6.862343498611666291e+03
6.806539585632548551e+03
6.751379207090551063e+03
6.696851576213326553e+03
6.642946157726575620e+03
6.589652661029198498e+03
6.536961033563033197e+03
6.484861454373886772e+03
6.433344327852400966e+03
6.382400277656221988e+03
6.332020140803007962e+03
6.282194961934498679e+03
6.232915987741612298e+03
6.184174661550397104e+03
6.135962618061090325e+03
6.088271678238804270e+03
6.041093844347296908e+03
5.994421295128099700e+03
5.948246381113649477e+03
5.902561620075818610e+03
5.857359692604025440e+03
5.812633437809251518e+03
5.768375849149450914e+03
5.724580070375589457e+03
5.681239391591897402e+03
5.638347245428000861e+03
5.595897203320651897e+03
5.553882971900814482e+03
5.512298389482537459e+03
5.471137422653377143e+03
5.430394162959162713e+03
5.390062823684086652e+03
5.350137736722079353e+03
5.310613349535974521e+03
5.271484222202585443e+03
5.232745024541961357e+03
5.194390533327045887e+03
5.156415629571890349e+03
5.118815295896533826e+03
5.081584613965786048e+03
5.044718762000208699e+03
5.008213012355953651e+03
4.972062729174055676e+03
4.936263366094102821e+03
4.900810464032339951e+03
4.865699649021810728e+03
4.830926630112663588e+03
4.796487197330665367e+03
4.762377219693081315e+03
4.728592643278764626e+03
4.695129489352616474e+03
4.661983852541077795e+03
4.629151899059028437e+03
4.596629864984234700e+03
4.564414054581024175e+03
4.532500838668468532e+03
4.500886653034387564e+03
4.469567996892455994e+03
4.438541431381187977e+03
4.407803578104529151e+03
4.377351117712096311e+03
4.347180788517574001e+03
4.317289385154661431e+03
4.287673757270394162e+03
4.258330808252670067e+03
4.229257493992684431e+03
4.200450821680363333e+03
4.171907848632862624e+03
4.143625681153593177e+03
4.115601473422545496e+03
4.087832426415666305e+03
4.060315786853712325e+03
4.033048846178055101e+03
4.006028939555053967e+03
3.979253444905385550e+03
3.952719781959830016e+03
3.926425411339816947e+03
3.900367833662181965e+03
3.874544588666879918e+03
3.848953254368443140e+03
3.823591446228828772e+03
3.798456816351866109e+03
3.773547052699255801e+03
3.748859878326097260e+03
3.724393050636607768e+03
3.700144360658857750e+03
3.676111632338414893e+03
3.652292721849384179e+03
3.628685516924197600e+03
3.605287936199270007e+03
3.582097928578179108e+03
3.559113472610557892e+03
3.536332575886855011e+03
3.513753274448197772e+03
3.491373632211188578e+03
3.469191740407160523e+03
3.447205717035348243e+03
3.425413706329636625e+03
3.403813878238767302e+03
3.382404427919158024e+03
3.361183575240385380e+03
3.340149564302639646e+03
3.319300662966678829e+03
3.298635162393910377e+03
3.278151376599472314e+03
3.257847642014589383e+03
3.237722317060152818e+03
3.217773781731108556e+03
3.198000437189919467e+03
3.178400705370191645e+03
3.158973028589944988e+03
3.139715869173731335e+03
3.120627709083983063e+03
3.101707049560873202e+03
3.082952410770951701e+03
3.064362331463599276e+03
3.045935368635823579e+03
3.027670097205036654e+03
3.009565109688714074e+03
2.991619015892404605e+03
2.973830442604134532e+03
2.956198033296411722e+03
2.938720447834361039e+03
2.921396362191569551e+03
2.904224468171075841e+03
2.887203473133864918e+03
2.870332099732576808e+03
2.853609085651853093e+03
2.837033183353903496e+03
2.820603159830291133e+03
2.804317796358739542e+03
2.788175888265659978e+03
2.772176244693679109e+03
2.756317688374380396e+03
2.740599055405935360e+03
2.725019195035563826e+03
2.709576969446863586e+03
2.694271253551251903e+03
2.679100934784601577e+03
2.664064912907562302e+03
2.649162099810417203e+03
2.634391419322216734e+03
2.619751807023446872e+03
2.605242210063205675e+03
2.590861586979856838e+03
2.576608907525473569e+03
2.562483152493915895e+03
2.548483313552486379e+03
2.534608393077126948e+03
2.520857403990642979e+03
2.507229369604831390e+03
2.493723323464955229e+03
2.480338309198418301e+03
2.467073380365191042e+03
2.453927600312594222e+03
2.440900042031899829e+03
2.427989788018204308e+03
2.415195930133202637e+03
2.402517569470287981e+03
2.389953816222586738e+03
2.377503789553296428e+03
2.365166617468990353e+03
2.352941436694539334e+03
2.340827392551475896e+03
2.328823638837742692e+03
2.316929337710228083e+03
2.305143659569524971e+03
2.293465782946513627e+03
2.281894894391439720e+03
2.270430188364830883e+03
2.259070867130511942e+03
2.247816140650587386e+03
2.236665226482334219e+03
2.225617349676995673e+03
2.214671742680262469e+03
2.203827645234975080e+03
2.193084304284939662e+03
2.182440973881137324e+03
2.171896915088942023e+03
2.161451395897684961e+03
2.151103691131118921e+03
2.140853082359916698e+03
2.130698857815614701e+03
2.120640312305863517e+03
2.110676747131359207e+03
2.100807470004081551e+03
2.091031794967087990e+03
2.081349042315224779e+03
2.071758538517886336e+03
2.062259616142435789e+03
2.052851613779354921e+03
2.043533875968318853e+03
2.034305753125742058e+03
2.025166601473254559e+03
2.016115782967737914e+03
2.007152665232201343e+03
1.998276621487687180e+03
1.989487030486793401e+03
1.980783276447762319e+03
1.972164748989639293e+03
1.963630843068935292e+03
1.955180958916796499e+03
1.946814501977426744e+03
1.938530882847320299e+03
1.930329517215694068e+03
1.922209825805543232e+03
1.914171234315817401e+03
1.906213173364435079e+03
1.898335078432166938e+03
1.890536389807339219e+03
1.882816552531469142e+03
1.875175016345680660e+03
1.867611235637806431e+03
1.860124669390543659e+03
1.852714781130093115e+03
1.845381038875815420e+03
1.838122915090465085e+03
1.830939886631228092e+03
1.823831434701388162e+03
1.816797044802923210e+03
1.809836206689457413e+03
1.802948414320206439e+03
1.796133165814324911e+03
1.789389963406199968e+03
1.782718313400961733e+03
1.776117726131184781e+03
1.769587715913658712e+03
1.763127801007069138e+03
1.756737503570187755e+03
1.750416349620771598e+03
1.744163868994748100e+03
1.737979595306211195e+03
1.731863065907948112e+03
1.725813821852341789e+03
1.719831407853050223e+03
1.713915372246919787e+03
1.708065266956711184e+03
1.702280647454022755e+03
1.696561072723038023e+03
1.690906105224514704e+03
1.685315310860251657e+03
1.679788258938182935e+03
1.674324522137954318e+03
1.668923676476581250e+03
1.663585301275051961e+03
1.658308979125037240e+03
1.653094295856191593e+03
1.647940840503752270e+03
1.642848205276658746e+03
1.637815985525976657e+03
1.632843779713950198e+03
1.627931189383118408e+03
1.623077819126071745e+03
1.618283276555510838e+03
1.613547172274712466e+03
1.608869119848242690e+03
1.604248735773221597e+03
1.599685639450856797e+03
1.595179453158272054e+03
1.590729802020725856e+03
1.586336313984292019e+03
1.581998619788713995e+03
1.577716352940556590e+03
1.573489149686905648e+03
1.569316648989256237e+03
1.565198492497583175e+03
1.561134324525009333e+03
1.557123792022529642e+03
1.553166544554162783e+03
1.549262234272450769e+03
1.545410515894014452e+03
1.541611046675654507e+03
1.537863486390678418e+03
1.534167497305375264e+03
1.530522744155918190e+03
1.526928894125406941e+03
1.523385616821317399e+03
1.519892584253168934e+03
1.516449470810282719e+03
1.513055953240096414e+03
1.509711710626514559e+03
1.506416424368490652e+03
1.503169778159094903e+03
1.499971457964526962e+03
1.496821152003500401e+03
1.493718550726950525e+03
1.490663346797784470e+03
1.487655235071016932e+03
1.484693912574059368e+03
1.481779078487197694e+03
1.478910434124401490e+03
1.476087682914196648e+03
1.473310530380958880e+03
1.470578684126108328e+03
1.467891853809885561e+03
1.465249751132992060e+03
1.462652089818674995e+03
1.460098585594823362e+03
1.457588956176466581e+03
1.455122921248194871e+03
1.452700202447104175e+03
1.450320523345591255e+03
1.447983609434617392e+03
1.445689188106886377e+03
