3.504891625797472429e+06
3.327902974620391615e+06
3.312870967145858798e+06
3.440778239970192313e+06
3.711374860252565704e+06
4.153186356796504930e+06
4.851552278711512685e+06
6.047647136392414570e+06
8.566459205309646204e+06
1.579419215786017105e+07
3.949481422499112785e+07
9.644937614648316801e+07
1.522642281859552264e+08
1.539396860029015839e+08
1.418382247664690316e+08
1.381881739627404213e+08
1.398715456852349639e+08
1.447987377085523605e+08
1.525399585598785579e+08
1.630453494211199582e+08
1.763162691105414331e+08
1.923756419066478908e+08
2.112749324744670689e+08
2.330865447296816707e+08
2.578893536833770871e+08
