4.678858722804405988e+04
4.680322845523533761e+04
4.681789567659546447e+04
4.683258899532654323e+04
4.684730851532345696e+04
4.686205434117532423e+04
4.687682657817654399e+04
4.689162533232056012e+04
4.690645071031348925e+04
4.692130281957481930e+04
4.693618176823350223e+04
4.695108766514374292e+04
4.696602061988700734e+04
4.698098074277053092e+04
4.699596814483404887e+04
4.701098293785873830e+04
4.702602523436384217e+04
4.704109514761919127e+04
4.705619279164392356e+04
4.707131828121525177e+04
4.708647173187086446e+04
4.710165325991178543e+04
4.711686298241414624e+04
4.713210101722727268e+04
4.714736748298390739e+04
4.716266249910272745e+04
4.717798618579152389e+04
4.719333866406116431e+04
4.720872005572087801e+04
4.722413048338926455e+04
4.723957007049921958e+04
4.725503894130628032e+04
4.727053722088830546e+04
4.728606503515860823e+04
4.730162251086624747e+04
4.731720977560824394e+04
4.733282695782935480e+04
4.734847418683370779e+04
4.736415159279121872e+04
4.737985930674022529e+04
4.739559746059955069e+04
4.741136618717144302e+04
4.742716562014934607e+04
4.744299589413105423e+04
4.745885714461615862e+04
4.747474950802171952e+04
4.749067312168663193e+04
4.750662812388090242e+04
4.752261465380938171e+04
4.753863285162603279e+04
4.755468285843892954e+04
4.757076481632096693e+04
4.758687886831474316e+04
4.760302515844355366e+04
4.761920383172091533e+04
4.763541503416061460e+04
4.765165891278152412e+04
4.766793561562208924e+04
4.768424529174792406e+04
4.770058809126235428e+04
4.771696416531274008e+04
4.773337366610717436e+04
4.774981674691977241e+04
4.776629356210570404e+04
4.778280426710418396e+04
4.779934901846163848e+04
4.781592797383032303e+04
4.783254129199033923e+04
4.784918913285151211e+04
4.786587165747441759e+04
4.788258902807639242e+04
4.789934140805156494e+04
4.791612896196798101e+04
4.793295185559931269e+04
4.794981025592466904e+04
4.796670433114944171e+04
4.798363425071404345e+04
4.800060018530968955e+04
4.801760230689352466e+04
4.803464078870380035e+04
4.805171580527250626e+04
4.806882753243785555e+04
4.808597614736811374e+04
4.810316182856760133e+04
4.812038475589928566e+04
4.813764511059816141e+04
4.815494307529101206e+04
4.817227883400665451e+04
4.818965257220065541e+04
4.820706447676735115e+04
4.822451473606112268e+04
4.824200353991588781e+04
4.825953107965888921e+04
4.827709754813445034e+04
4.829470313972008444e+04
4.831234805034738383e+04
4.833003247752481548e+04
4.834775662035513233e+04
4.836552067955615348e+04
4.838332485748524778e+04
4.840116935816067416e+04
4.841905438727963337e+04
4.843698015224815754e+04
4.845494686219661526e+04
4.847295472801130381e+04
4.849100396235434164e+04
4.850909477968370629e+04
4.852722739629220450e+04
4.854540203032019781e+04
4.856361890178716567e+04
4.858187823261851008e+04
4.860018024667154532e+04
4.861852516976550396e+04
4.863691322970921465e+04
4.865534465632988577e+04
4.867381968150383909e+04
4.869233853918615205e+04
4.871090146543911396e+04
4.872950869847350987e+04
4.874816047866744339e+04
4.876685704860933765e+04
4.878559865312913462e+04
4.880438553933126241e+04
4.882321795663164812e+04
4.884209615679289709e+04
4.886102039395856264e+04
4.887999092470095638e+04
4.889900800804300525e+04
4.891807190551345411e+04
4.893718288117506745e+04
4.895634120167346555e+04
4.897554713627470483e+04
4.899480095691065071e+04
4.901410293821993400e+04
4.903345335759498994e+04
4.905285249522470258e+04
4.907230063414695906e+04
4.909179806028855819e+04
4.911134506251954735e+04
4.913094193270422693e+04
4.915058896574376558e+04
4.917028645963859162e+04
4.919003471553596319e+04
4.920983403778244246e+04
4.922968473398689093e+04
4.924958711507143744e+04
4.926954149533047894e+04
4.928954819249524735e+04
4.930960752778487222e+04
4.932971982598097384e+04
4.934988541548242210e+04
4.937010462837391970e+04
4.939037780049420689e+04
4.941070527150000271e+04
4.943108738494331919e+04
4.945152448833410017e+04
4.947201693322107894e+04
4.949256507526272617e+04
4.951316927430746000e+04
4.953382989446771535e+04
4.955454730420311535e+04
4.957532187640617485e+04
4.959615398848005134e+04
4.961704402242907963e+04
4.963799236494867364e+04
4.965899940751128452e+04
4.968006554646608129e+04
4.970119118312787759e+04
4.972237672387516795e+04
4.974362258025689516e+04
4.976492916908808547e+04
4.978629691255526996e+04
4.980772623832576210e+04
4.982921757966132282e+04
4.985077137552297063e+04
4.987238807069565519e+04
4.989406811589914287e+04
4.991581196791550610e+04
4.993762008971127943e+04
4.995949295056643314e+04
4.998143102620472200e+04
5.000343479892805044e+04
5.002550475775795348e+04
5.004764139857167174e+04
5.006984522425485920e+04
5.009211674483975366e+04
5.011445647767033370e+04
5.013686494754991872e+04
5.015934268691002944e+04
5.018189023596418701e+04
5.020450814289310802e+04
5.022719696400647081e+04
5.024995726392618235e+04
5.027278961576952861e+04
5.029569460133774555e+04
5.031867281130819902e+04
5.034172484543684550e+04
5.036485131275837193e+04
5.038805283179433900e+04
5.041133003077463945e+04
5.043468354785320844e+04
5.045811403133718704e+04
5.048162213992098987e+04
5.050520854292252625e+04
5.052887392053312215e+04
5.055261896407204767e+04
5.057644437624054262e+04
5.060035087139639654e+04
5.062433917582350841e+04
5.064841002801780996e+04
5.067256417897256324e+04
5.069680239248785801e+04
5.072112544546372374e+04
5.074553412822690007e+04
5.077002924485225230e+04
5.079461161349505710e+04
5.081928206673423119e+04
5.084404145192943542e+04
5.086889063158230420e+04
5.089383048371098994e+04
5.091886190223434096e+04
5.094398579736600368e+04
5.096920309602613270e+04
5.099451474225947459e+04
5.101992169766334700e+04
5.104542494183633244e+04
5.107102547283130843e+04
5.109672430763001466e+04
5.112252248262389912e+04
5.114842105411532248e+04
5.117442109883081139e+04
5.120052371444719756e+04
5.122673002013804944e+04
5.125304115713763167e+04
5.127945828930781136e+04
5.130598260374383244e+04
5.133261531138329883e+04
5.135935764763422048e+04
5.138621087302650994e+04
5.141317627388256369e+04
5.144025516300384334e+04
5.146744888038730278e+04
5.149475879394954245e+04
5.152218630028677580e+04
5.154973282545156690e+04
5.157739982575061731e+04
5.160518878857228265e+04
5.163310123324002052e+04
5.166113871188196936e+04
5.168930281034269137e+04
5.171759514910937287e+04
5.174601738427223609e+04
5.177457120851761283e+04
5.180325835214546532e+04
5.183208058411840466e+04
5.186103971315381932e+04
5.189013758883449918e+04
5.191937610276400665e+04
5.194875718975593190e+04
5.197828282905725791e+04
5.200795504561295093e+04
5.203777591136814590e+04
5.206774754661127372e+04
5.209787212136310700e+04
5.212815185679761635e+04
5.215858902672272234e+04
5.218918595909643773e+04
5.221994503759202053e+04
5.225086870321621973e+04
5.228195945597731043e+04
5.231321985659626080e+04
5.234465252829068777e+04
5.237626015859117615e+04
5.240804550123540685e+04
5.244001137810853106e+04
5.247216068125022866e+04
5.250449637492273177e+04
5.253702149774139252e+04
5.256973916488165560e+04
5.260265257034387469e+04
5.263576498929147783e+04
5.266907978046953940e+04
5.270260038869186246e+04
5.273633034740984294e+04
5.277027328135565040e+04
5.280443290928286297e+04
5.283881304676953005e+04
5.287341760913176404e+04
5.290825061441344587e+04
5.294331618647869618e+04
5.297861855818818003e+04
5.301416207469284564e+04
5.304995119680967036e+04
5.308599050451604126e+04
5.312228470054994250e+04
5.315883861411502585e+04
5.319565720470859378e+04
5.323274556606237456e+04
5.327010893020901858e+04
5.330775267166277627e+04
5.334568231174621906e+04
5.338390352303240797e+04
5.342242213393285783e+04
5.346124413341961917e+04
5.350037567589549872e+04
5.353982308620318508e+04
5.357959286480212904e+04
5.361969169308010169e+04
5.366012643884247518e+04
5.370090416195087892e+04
5.374203212014505698e+04
5.378351777502465848e+04
5.382536879821401089e+04
5.386759307770424493e+04
5.391019872439347819e+04
5.395319407880015206e+04
5.399658771798400267e+04
5.404038846266634937e+04
5.408460538455111237e+04
5.412924781385702227e+04
5.417432534706367733e+04
5.421984785488219495e+04
5.426582549044310872e+04
5.431226869771580823e+04
5.435918822016521153e+04
5.440659510963846697e+04
5.445450073551113019e+04
5.450291679406390176e+04
5.455185531811719557e+04
5.460132868693756609e+04
5.465134963638493355e+04
5.470193126934264001e+04
5.475308706640933087e+04
5.480483089687123720e+04
5.485717702995206491e+04
5.491014014634731575e+04
5.496373535004149016e+04
5.501797818041907158e+04
5.507288462467560021e+04
5.512847113050819462e+04
5.518475461912340688e+04
5.524175249853631976e+04
5.529948267717844283e+04
5.535796357780294784e+04
5.541721415170682303e+04
5.547725389325337164e+04
5.553810285470003146e+04
5.559978166133567720e+04
5.566231152692718024e+04
5.572571426945622807e+04
5.579001232717209496e+04
5.585522877493447595e+04
5.592138734085109172e+04
5.598851242319810990e+04
5.605662910763882246e+04
5.612576318469673424e+04
5.619594116751130787e+04
5.626719030985140125e+04
5.633953862436185591e+04
5.641301490106190613e+04
5.648764872605820710e+04
5.656347050046460936e+04
5.664051145951691433e+04
5.671880369185299787e+04
5.679838015895203716e+04
5.687927471470588353e+04
5.696152212508811499e+04
5.704515808791702148e+04
5.713021925265728350e+04
5.721674324025346868e+04
5.730476866295790387e+04
5.739433514409156487e+04
5.748548333774136700e+04
5.757825494831961987e+04
5.767269274996704189e+04
5.776884060571328155e+04
5.786674348640276003e+04
5.796644748927060573e+04
5.806799985615689366e+04
5.817144899128356337e+04
5.827684447851403092e+04
5.838423709805213002e+04
5.849367884249651979e+04
5.860522293217141851e+04
5.871892382965428260e+04
5.883483725343041442e+04
5.895302019055607525e+04
5.907353090826464904e+04
5.919642896440385812e+04
5.932177521659984632e+04
5.944963183004775783e+04
5.958006228382265544e+04
5.971313137555764115e+04
5.984890522442779184e+04
5.998745127225683245e+04
6.012883828265322518e+04
6.027313633801447577e+04
6.042041683428190299e+04
6.057075247329154081e+04
6.072421725256232457e+04
6.088088645238491881e+04
6.104083662006231316e+04
6.120414555110576475e+04
6.137089226726843481e+04
6.154115699122202932e+04
6.171502111771967611e+04
6.189256718107168126e+04
6.207387881876673782e+04
6.225904073106733267e+04
6.244813863639955525e+04
6.264125922238389467e+04
6.283849009231456876e+04
6.303991970693744224e+04
6.324563732136377803e+04
6.345573291694577347e+04
6.367029712795976229e+04
6.388942116298088513e+04
6.411319672075781273e+04
6.434171590049676888e+04
6.457507110641281906e+04
6.481335494644800201e+04
6.505666012504517130e+04
6.530507932991668349e+04
6.555870511272145086e+04
6.581762976360978791e+04
6.608194517959964287e+04
6.635174272679965361e+04
6.662711309644523135e+04
6.690814615483388479e+04
6.719493078721027996e+04
6.748755473567031731e+04
6.778610443122407014e+04
6.809066482019111572e+04
6.840131918505922658e+04
6.871814896008289361e+04
6.904123354183802439e+04
6.937065009503297915e+04
6.970647335392588866e+04
7.004877541967696743e+04
7.039762555408284243e+04
7.075308997010631720e+04
7.111523161973021342e+04
7.148410997960367240e+04
7.185978083512205922e+04
7.224229606349668757e+04
7.263170341647362511e+04
7.302804630339880532e+04
7.343136357537032745e+04
7.384168931117176544e+04
7.425905260585361975e+04
7.468347736273353803e+04
7.511498208969346888e+04
7.555357970061474771e+04
7.599927732287599065e+04
7.645207611181617540e+04
7.691197107305543614e+04
7.737895089364559681e+04
7.785299778294259158e+04
7.833408732415713894e+04
7.882218833747183089e+04
7.931726275566002005e+04
7.981926551304428722e+04
8.032814444869499130e+04
8.084384022465661110e+04
8.136628625998563075e+04
8.189540868133014010e+04
8.243112629075023870e+04
8.297335055136446317e+04
8.352198559139222198e+04
8.407692822708695894e+04
8.463806800493376795e+04
8.520528726344792813e+04
8.577846121483713796e+04
8.635745804660511203e+04
8.694213904323046154e+04
8.753235872779705096e+04
8.812796502348629292e+04
8.872879943465588440e+04
8.933469724715549091e+04
8.994548774745521951e+04
9.056099445999988529e+04
9.118103540216569672e+04
9.180542335607981659e+04
9.243396615642512916e+04
9.306646699334883306e+04
9.370272472945334448e+04
9.434253422974154819e+04
9.498568670341635880e+04
9.563197005626778991e+04
9.628116925237271062e+04
9.693306668377216556e+04
9.758744254679627193e+04
9.824407522352732485e+04
9.890274166711323778e+04
9.956321778935301700e+04
1.002252788492191758e+05
1.008886998407822393e+05
1.015532558791891206e+05
1.022187225832239637e+05
1.028848764531166817e+05
1.035514952422586794e+05
1.042183583215133258e+05
1.048852470349228242e+05
1.055519450456120830e+05
1.062182386708204140e+05
1.068839172049688350e+05
1.075487732298997435e+05
1.082126029113258264e+05
1.088752062807899638e+05
1.095363875023609289e+05
1.101959551235375257e+05
1.108537223097617680e+05
1.115095070622111816e+05
1.121631324184553087e+05
1.128144266357802844e+05
1.134632233570187236e+05
1.141093617588266352e+05
1.147526866823870369e+05
1.153930487466967897e+05
1.160303044445501582e+05
1.166643162215086195e+05
1.172949525381386193e+05
1.179220879159323085e+05
1.185456029672779696e+05
1.191653844100580754e+05
1.197813250673296279e+05
1.203933238527070644e+05
1.210012857420542714e+05
1.216051217321188160e+05
1.222047487868059106e+05
1.228000897717474727e+05
1.233910733779298171e+05
1.239776340350349492e+05
1.245597118153074407e+05
1.251372523285743810e+05
1.257102066092650057e+05
1.262785309960556042e+05
1.268421870049162972e+05
1.274011411962423299e+05
1.279553650367730588e+05
1.285048347569249745e+05
1.290495312043051090e+05
1.295894396938641003e+05
1.301245498554750666e+05
1.306548554793846415e+05
1.311803543601758138e+05
1.317010481397171970e+05
1.322169421496502473e+05
1.327280452538328827e+05
1.332343696912198793e+05
1.337359309195943351e+05
1.342327474604985036e+05
1.347248407457659196e+05
1.352122349659589236e+05
1.356949569210082118e+05
1.361730358733352041e+05
1.366465034037184669e+05
1.371153932700766309e+05
1.375797412694303785e+05
1.380395851031573839e+05
1.384949642457282462e+05
1.389459198170161981e+05
1.393924944583387987e+05
1.398347322122500336e+05
1.402726784062217048e+05
1.407063795402094256e+05
1.411358831781816843e+05
1.415612378435954161e+05
1.419824929188521928e+05
1.423996985487199854e+05
1.428129055476920912e+05
1.432221653112680360e+05
1.436275297311128816e+05
1.440290511140335584e+05
1.444267821047354955e+05
1.448207756122991268e+05
1.452110847402604122e+05
1.455977627202869626e+05
1.459808628493213037e+05
1.463604384301190439e+05
1.467365427150928590e+05
1.471092288533930550e+05
1.474785498410707514e+05
1.478445584743107320e+05
1.482073073055692075e+05
1.485668486025456514e+05
1.489232343098880083e+05
1.492765160135456827e+05
1.496267449076333723e+05
1.499739717637517315e+05
1.503182469026375911e+05
1.506596201680744416e+05
1.509981409029236820e+05
1.513338579272400239e+05
1.516668195183370844e+05
1.519970733927301480e+05
1.523246666898618860e+05
1.526496459575367044e+05
1.529720571389607503e+05
1.532919455613296595e+05
1.536093559258654423e+05
1.539243322992319299e+05
1.542369181062552379e+05
1.545471561238922586e+05
1.548550884763323993e+05
1.551607566312294512e+05
1.554642013969457475e+05
1.557654629207659455e+05
1.560645806880326709e+05
1.563615935221261170e+05
1.566565395852403890e+05
1.569494563799134339e+05
1.572403807512356143e+05
1.575293488897259813e+05
1.578163963347812823e+05
1.581015579787057068e+05
1.583848680712456990e+05
1.586663602245802758e+05
1.589460674187802651e+05
1.592240220076378027e+05
1.595002557248756348e+05
1.597747996906866611e+05
1.600476844185648079e+05
1.603189398224230390e+05
1.605885952239469334e+05
1.608566793601623795e+05
1.611232203912089171e+05
1.613882459082657297e+05
1.616517829416424211e+05
1.619138579689928156e+05
1.621744969236200850e+05
1.624337252029003575e+05
1.626915676767494588e+05
1.629480486961681745e+05
1.632031921018186258e+05
1.634570212326275068e+05
1.637095589344043983e+05
1.639608275684668333e+05
1.642108490202501416e+05
1.644596447078946221e+05
1.647072355908171739e+05
1.649536421782268735e+05
1.651988845376023964e+05
1.654429823031195556e+05
1.656859546840013936e+05
1.659278204728161509e+05
1.661685980536892603e+05
1.664083054104527109e+05
1.666469601346817508e+05
1.668845794336651743e+05
1.671211801382787817e+05
1.673567787107570039e+05
1.675913912523684266e+05
1.678250335109846783e+05
1.680577208885460277e+05
1.682894684484266036e+05
1.685202909226809861e+05
1.687502027191804373e+05
1.689792179286447936e+05
1.692073503315561102e+05
1.694346134049548709e+05
1.696610203291264188e+05
1.698865839941833401e+05
1.701113170065015147e+05
1.703352316950767417e+05
1.705583401177419582e+05
1.707806540672798583e+05
1.710021850774143531e+05
1.712229444287070946e+05
1.714429431543067622e+05
1.716621920456161606e+05
1.718807016578393232e+05
1.720984823154056794e+05
1.723155441173007130e+05
1.725318969422811933e+05
1.727475504539804533e+05
1.729625141059061571e+05
1.731767971463484864e+05
1.733904086231588444e+05
1.736033573884527723e+05
1.738156521031854500e+05
1.740273012416557176e+05
1.742383130958874826e+05
1.744486957799315278e+05
1.746584572340592276e+05
1.748676052288778010e+05
1.750761473693305452e+05
1.752840910986458184e+05
1.754914437021392514e+05
1.756982123109918321e+05
1.759044039058884082e+05
1.761100253206194029e+05
1.763150832455535419e+05
1.765195842310611333e+05
1.767235346908589709e+05
1.769269409052434785e+05
1.771298090242934413e+05
1.773321450709627825e+05
1.775339549441132403e+05
1.777352444214812713e+05
1.779360191625571460e+05
1.781362847114139877e+05
1.783360464994527283e+05
1.785353098480933404e+05
1.787340799713968008e+05
1.789323619786163035e+05
1.791301608767063881e+05
1.793274815727475507e+05
1.795243288763242890e+05
1.797207075018541655e+05
1.799166220708303736e+05
1.801120771140471043e+05
1.803070770737384737e+05
1.805016263056851749e+05
1.806957290812645806e+05
1.808893895894338784e+05
1.810826119386924838e+05
1.812754001589770778e+05
1.814677582035170053e+05
1.816596899506234913e+05
1.818511992054805742e+05
1.820422897018388903e+05
1.822329651037011063e+05
1.824232290069498122e+05
1.826130849409469520e+05
1.828025363700840680e+05
1.829915866952884826e+05
1.831802392555135302e+05
1.833684973291611241e+05
1.835563641355005093e+05
1.837438428360224643e+05
1.839309365357839270e+05
1.841176482846985455e+05
1.843039810788090981e+05
1.844899378615230671e+05
1.846755215248120367e+05
1.848607349103946763e+05
1.850455808108682104e+05
1.852300619708366867e+05
1.854141810879904660e+05
1.855979408141746244e+05
1.857813437564056658e+05
1.859643924778985092e+05
1.861470894990371307e+05
1.863294372983370267e+05
1.865114383133696974e+05
1.866930949416812218e+05
1.868744095416803029e+05
1.870553844334911555e+05
1.872360218998072669e+05
1.874163241867071192e+05
1.875962935044565820e+05
1.877759320282896515e+05
1.879552418991693412e+05
1.881342252245281998e+05
1.883128840789886017e+05
1.884912205050784978e+05
1.886692365139084577e+05
1.888469340858438227e+05
1.890243151711549144e+05
1.892013816906680586e+05
1.893781355363657058e+05
1.895545785720120475e+05
1.897307126337229856e+05
1.899065395305568818e+05
1.900820610450776876e+05
1.902572789338854200e+05
1.904321949281644484e+05
1.906068107341954892e+05
1.907811280338719953e+05
1.909551484851847636e+05
1.911288737227081729e+05
1.913023053580753331e+05
1.914754449804293690e+05
1.916482941568745300e+05
1.918208544329161523e+05
1.919931273328786774e+05
1.921651143603265809e+05
1.923368169984674023e+05
1.925082367105497688e+05
1.926793749402413378e+05
1.928502331120161980e+05
1.930208126315065601e+05
1.931911148858835804e+05
1.933611412441753200e+05
1.935308930576370331e+05
1.937003716600640037e+05
1.938695783681310422e+05
1.940385144816931570e+05
1.942071812841059873e+05
1.943755800425250782e+05
1.945437120081994217e+05
1.947115784167514066e+05
1.948791804884774028e+05
1.950465194285973557e+05
1.952135964275359875e+05
1.953804126611851680e+05
1.955469692911483580e+05
1.957132674650004774e+05
1.958793083165234711e+05
1.960450929659477843e+05
1.962106225201831840e+05
1.963758980730373878e+05
1.965409207054530270e+05
1.967056914857097145e+05
1.968702114696424105e+05
1.970344817008453829e+05
1.971985032108679879e+05
1.973622770194269251e+05
1.975258041345802485e+05
1.976890855529264954e+05
1.978521222597865271e+05
1.980149152293809748e+05
1.981774654250095191e+05
1.983397737992192851e+05
1.985018412939724221e+05
1.986636688408129266e+05
1.988252573610284890e+05
1.989866077657990390e+05
1.991477209563637443e+05
1.993085978241553239e+05
1.994692392509618949e+05
1.996296461090654193e+05
1.997898192613761057e+05
1.999497595615813043e+05
2.001094678542702459e+05
2.002689449750706262e+05
2.004281917507837352e+05
2.005872089994997950e+05
2.007459975307266868e+05
2.009045581455153006e+05
2.010628916365703335e+05
2.012209987883796857e+05
2.013788803773079708e+05
2.015365371717272501e+05
2.016939699321223015e+05
2.018511794111917261e+05
2.020081663539567962e+05
2.021649314978639304e+05
2.023214755728907767e+05
2.024777993016351829e+05
2.026339033994217170e+05
2.027897885743971565e+05
2.029454555276140454e+05
2.031009049531327910e+05
2.032561375381058897e+05
2.034111539628719329e+05
2.035659549010367482e+05
2.037205410195607692e+05
2.038749129788449500e+05
2.040290714328035829e+05
2.041830170289590897e+05
2.043367504085144028e+05
2.044902722064260161e+05
2.046435830514872505e+05
2.047966835664007813e+05
2.049495743678514846e+05
2.051022560665826022e+05
2.052547292674620694e+05
2.054069945695570204e+05
2.055590525661990105e+05
2.057109038450545049e+05
2.058625489881930407e+05
2.060139885721432511e+05
2.061652231679773831e+05
2.063162533413493657e+05
2.064670796525779879e+05
2.066177026566957647e+05
2.067681229035213182e+05
2.069183409377048083e+05
2.070683572987944353e+05
2.072181725213013997e+05
2.073677871347388718e+05
2.075172016636947810e+05
2.076664166278806224e+05
2.078154325421898975e+05
2.079642499167371134e+05
2.081128692569310078e+05
2.082612910635168373e+05
2.084095158326249220e+05
2.085575440558281261e+05
2.087053762201869686e+05
2.088530128083047457e+05
2.090004542983705760e+05
2.091477011642068101e+05
2.092947538753183326e+05
2.094416128969471611e+05
2.095882786901056825e+05
2.097347517116314557e+05
2.098810324142265890e+05
2.100271212465051212e+05
2.101730186530383944e+05
2.103187250743953336e+05
2.104642409471845604e+05
2.106095667041036068e+05
2.107547027739713085e+05
2.108996495817745163e+05
2.110444075487113732e+05
2.111889770922260359e+05
2.113333586260495067e+05
2.114775525602414273e+05
2.116215593012305326e+05
2.117653792518492846e+05
2.119090128113734245e+05
2.120524603755590506e+05
2.121957223366840626e+05
2.123387990835785749e+05
2.124816910016629845e+05
2.126243984729958465e+05
2.127669218762873497e+05
2.129092615869517322e+05
2.130514179771386262e+05
2.131933914157664985e+05
2.133351822685546067e+05
2.134767908980598731e+05
2.136182176637158555e+05
2.137594629218498594e+05
2.139005270257352386e+05
2.140414103256077797e+05
2.141821131687122397e+05
2.143226358993216418e+05
2.144629788587758667e+05
2.146031423855136673e+05
2.147431268150990654e+05
2.148829324802592455e+05
2.150225597109024820e+05
2.151620088341714581e+05
2.153012801744424505e+05
2.154403740533790842e+05
2.155792907899525599e+05
2.157180307004711940e+05
2.158565940986124624e+05
2.159949812954453228e+05
2.161331925994660996e+05
2.162712283166162670e+05
2.164090887503294798e+05
2.165467742015348631e+05
2.166842849686977570e+05
2.168216213478542049e+05
2.169587836326191318e+05
2.170957721142284572e+05
2.172325870815565286e+05
2.173692288211465348e+05
2.175056976172446739e+05
2.176419937518028310e+05
2.177781175045242417e+05
2.179140691528892203e+05
2.180498489721645310e+05
2.181854572354454431e+05
2.183208942136669939e+05
2.184561601756382152e+05
2.185912553880619234e+05
2.187261801155594294e+05
2.188609346206949849e+05
2.189955191640028206e+05
2.191299340039954695e+05
2.192641793972096639e+05
2.193982555982173653e+05
2.195321628596441587e+05
2.196659014322028961e+05
2.197994715647091798e+05
2.199328735041061882e+05
2.200661074954853393e+05
2.201991737821104471e+05
2.203320726054347761e+05
2.204648042051350931e+05
2.205973688191150723e+05
2.207297666835417331e+05
2.208619980328574893e+05
2.209940630998043343e+05
2.211259621154514607e+05
2.212576953092016338e+05
2.213892629088198883e+05
2.215206651404583245e+05
2.216519022286657710e+05
2.217829743964169465e+05
2.219138818651272741e+05
2.220446248546688294e+05
2.221752035834036360e+05
2.223056182681909413e+05
2.224358691244028450e+05
2.225659563659598352e+05
2.226958802053315449e+05
2.228256408535691153e+05
2.229552385203149170e+05
2.230846734138264728e+05
2.232139457409894094e+05
2.233430557073428354e+05
2.234720035170904594e+05
2.236007893731216027e+05
2.237294134770286037e+05
2.238578760291184881e+05
2.239861772284468170e+05
2.241143172728136124e+05
2.242422963587952545e+05
2.243701146817528061e+05
2.244977724358573614e+05
2.246252698140996799e+05
2.247526070083102677e+05
2.248797842091697676e+05
