2.196410914728243828e+09
2.257066143704420090e+09
2.323922955307337761e+09
2.398417090050832272e+09
2.482595549337022781e+09
2.579666246164485931e+09
2.695477192125684738e+09
2.843190601833571434e+09
3.060237598255240917e+09
3.472956864159552574e+09
4.512260870802979469e+09
7.268436668119537354e+09
1.259144530263459396e+10
1.869342058602387238e+10
2.362873127929153061e+10
2.749117375009923553e+10
3.080478964289838028e+10
3.385186969865541840e+10
3.674791548019207764e+10
3.953927073649928284e+10
4.224574207683380127e+10
4.487616766436175537e+10
4.743406294993721771e+10
4.991995800363382721e+10
5.233266563077302551e+10
