5.184017730000000483e+02
5.184617729999999938e+02
5.185217730000000529e+02
5.185817729999999983e+02
5.186417730000000574e+02
5.187017730000000029e+02
5.187617730000000620e+02
5.188217730000000074e+02
5.188817730000000665e+02
5.189417730000000120e+02
5.190017730000000711e+02
5.190617730000000165e+02
5.191217730000000756e+02
5.191817730000000211e+02
5.192417730000000802e+02
5.193017730000000256e+02
5.193617730000000847e+02
5.194217730000000302e+02
5.194817730000000893e+02
5.195417730000000347e+02
5.196017730000000938e+02
5.196617730000000392e+02
5.197217730000000984e+02
5.197817730000000438e+02
5.198417730000001029e+02
5.199017730000000483e+02
5.199617729999999938e+02
5.200217730000000529e+02
5.200817729999999983e+02
5.201417730000000574e+02
5.202017730000000029e+02
5.202617730000000620e+02
5.203217730000000074e+02
5.203817730000000665e+02
5.204417730000000120e+02
5.205017730000000711e+02
5.205617730000000165e+02
5.206217730000000756e+02
5.206817730000000211e+02
5.207417730000000802e+02
5.208017730000000256e+02
5.208617730000000847e+02
5.209217730000000302e+02
5.209817730000000893e+02
5.210417730000000347e+02
5.211017730000000938e+02
5.211617730000000392e+02
5.212217730000000984e+02
5.212817730000000438e+02
5.213417730000001029e+02
5.214017730000000483e+02
5.214617729999999938e+02
5.215217730000000529e+02
5.215817729999999983e+02
5.216417730000000574e+02
5.217017730000000029e+02
5.217617730000000620e+02
5.218217730000000074e+02
5.218817730000000665e+02
5.219417730000000120e+02
5.220017730000000711e+02
5.220617730000000165e+02
5.221217730000000756e+02
5.221817730000000211e+02
5.222417730000000802e+02
5.223017730000000256e+02
5.223617730000000847e+02
5.224217730000000302e+02
5.224817730000000893e+02
5.225417730000000347e+02
5.226017730000000938e+02
5.226617730000000392e+02
5.227217730000000984e+02
5.227817730000000438e+02
5.228417730000001029e+02
5.229017730000000483e+02
5.229617729999999938e+02
5.230217730000000529e+02
5.230817729999999983e+02
5.231417730000000574e+02
5.232017730000000029e+02
5.232617730000000620e+02
5.233217730000000074e+02
5.233817730000000665e+02
5.234417730000000120e+02
5.235017730000000711e+02
5.235617730000000165e+02
5.236217730000000756e+02
5.236817730000000211e+02
5.237417730000000802e+02
5.238017730000000256e+02
5.238617730000000847e+02
5.239217730000000302e+02
5.239817730000000893e+02
5.240417730000000347e+02
5.241017730000000938e+02
5.241617730000000392e+02
5.242217730000000984e+02
5.242817730000000438e+02
5.243417730000001029e+02
5.244017730000000483e+02
5.244617729999999938e+02
5.245217730000000529e+02
5.245817729999999983e+02
5.246417730000000574e+02
5.247017730000000029e+02
5.247617730000000620e+02
5.248217730000000074e+02
5.248817730000000665e+02
5.249417730000000120e+02
5.250017730000000711e+02
5.250617730000000165e+02
5.251217730000000756e+02
5.251817730000000211e+02
5.252417730000000802e+02
5.253017730000000256e+02
5.253617730000000847e+02
5.254217730000000302e+02
5.254817730000000893e+02
5.255417730000000347e+02
5.256017730000000938e+02
5.256617730000000392e+02
5.257217730000000984e+02
5.257817730000000438e+02
5.258417730000001029e+02
5.259017730000000483e+02
5.259617729999999938e+02
5.260217730000000529e+02
5.260817729999999983e+02
5.261417730000000574e+02
5.262017730000000029e+02
5.262617730000000620e+02
5.263217730000000074e+02
5.263817730000000665e+02
5.264417730000000120e+02
5.265017730000000711e+02
5.265617730000000165e+02
5.266217730000000756e+02
5.266817730000000211e+02
5.267417730000000802e+02
5.268017730000000256e+02
5.268617730000000847e+02
5.269217730000000302e+02
5.269817730000000893e+02
5.270417730000000347e+02
5.271017730000000938e+02
5.271617730000000392e+02
5.272217730000000984e+02
5.272817730000000438e+02
5.273417730000001029e+02
5.274017730000000483e+02
5.274617729999999938e+02
5.275217730000000529e+02
5.275817729999999983e+02
5.276417730000000574e+02
5.277017730000000029e+02
5.277617730000000620e+02
5.278217730000000074e+02
5.278817730000000665e+02
5.279417730000000120e+02
5.280017730000000711e+02
5.280617730000000165e+02
5.281217730000000756e+02
5.281817730000000211e+02
5.282417730000000802e+02
5.283017730000000256e+02
5.283617730000000847e+02
5.284217730000000302e+02
5.284817730000000893e+02
5.285417730000000347e+02
5.286017730000000938e+02
5.286617730000000392e+02
5.287217730000000984e+02
5.287817730000000438e+02
5.288417730000001029e+02
5.289017730000000483e+02
5.289617729999999938e+02
5.290217730000000529e+02
5.290817729999999983e+02
5.291417730000000574e+02
5.292017730000000029e+02
5.292617730000000620e+02
5.293217730000000074e+02
5.293817730000000665e+02
5.294417730000000120e+02
5.295017730000000711e+02
5.295617730000000165e+02
5.296217730000000756e+02
5.296817730000000211e+02
5.297417730000000802e+02
5.298017730000000256e+02
5.298617730000000847e+02
5.299217730000000302e+02
5.299817730000000893e+02
5.300417730000000347e+02
5.301017730000000938e+02
5.301617730000000392e+02
5.302217730000000984e+02
5.302817730000000438e+02
5.303417730000001029e+02
5.304017730000000483e+02
5.304617729999999938e+02
5.305217730000000529e+02
5.305817729999999983e+02
5.306417730000000574e+02
5.307017730000000029e+02
5.307617730000000620e+02
5.308217730000000074e+02
5.308817730000000665e+02
5.309417730000000120e+02
5.310017730000000711e+02
5.310617730000000165e+02
5.311217730000000756e+02
5.311817730000000211e+02
5.312417730000000802e+02
5.313017730000000256e+02
5.313617730000000847e+02
5.314217730000000302e+02
5.314817730000000893e+02
5.315417730000000347e+02
5.316017730000000938e+02
5.316617730000000392e+02
5.317217730000000984e+02
5.317817730000000438e+02
5.318417730000001029e+02
5.319017730000000483e+02
5.319617729999999938e+02
5.320217730000000529e+02
5.320817729999999983e+02
5.321417730000000574e+02
5.322017730000000029e+02
5.322617730000000620e+02
5.323217730000000074e+02
5.323817730000000665e+02
5.324417730000000120e+02
5.325017730000000711e+02
5.325617730000000165e+02
5.326217730000000756e+02
5.326817730000000211e+02
5.327417730000000802e+02
5.328017730000000256e+02
5.328617730000000847e+02
5.329217730000000302e+02
5.329817730000000893e+02
5.330417730000000347e+02
5.331017730000000938e+02
5.331617730000000392e+02
5.332217730000000984e+02
5.332817730000000438e+02
5.333417730000001029e+02
5.334017730000000483e+02
5.334617729999999938e+02
5.335217730000000529e+02
5.335817729999999983e+02
5.336417730000000574e+02
5.337017730000000029e+02
5.337617730000000620e+02
5.338217730000000074e+02
5.338817730000000665e+02
5.339417730000000120e+02
5.340017730000000711e+02
5.340617730000000165e+02
5.341217730000000756e+02
5.341817730000000211e+02
5.342417730000000802e+02
5.343017730000000256e+02
5.343617730000000847e+02
5.344217730000000302e+02
5.344817730000000893e+02
5.345417730000000347e+02
5.346017730000000938e+02
5.346617730000000392e+02
5.347217730000000984e+02
5.347817730000000438e+02
5.348417730000001029e+02
5.349017730000000483e+02
5.349617729999999938e+02
5.350217730000000529e+02
5.350817729999999983e+02
5.351417730000000574e+02
5.352017730000000029e+02
5.352617730000000620e+02
5.353217730000000074e+02
5.353817730000000665e+02
5.354417730000000120e+02
5.355017730000000711e+02
5.355617730000000165e+02
5.356217730000000756e+02
5.356817730000000211e+02
5.357417730000000802e+02
5.358017730000000256e+02
5.358617730000000847e+02
5.359217730000000302e+02
5.359817730000000893e+02
5.360417730000000347e+02
5.361017730000000938e+02
5.361617730000000392e+02
5.362217730000000984e+02
5.362817730000000438e+02
5.363417730000001029e+02
5.364017730000000483e+02
5.364617729999999938e+02
5.365217730000000529e+02
5.365817729999999983e+02
5.366417730000000574e+02
5.367017730000000029e+02
5.367617730000000620e+02
5.368217730000000074e+02
5.368817730000000665e+02
5.369417730000000120e+02
5.370017730000000711e+02
5.370617730000000165e+02
5.371217730000000756e+02
5.371817730000000211e+02
5.372417730000000802e+02
5.373017730000000256e+02
5.373617730000000847e+02
5.374217730000000302e+02
5.374817730000000893e+02
5.375417730000000347e+02
5.376017730000000938e+02
5.376617730000000392e+02
5.377217730000000984e+02
5.377817730000000438e+02
5.378417730000001029e+02
5.379017730000000483e+02
5.379617729999999938e+02
5.380217730000000529e+02
5.380817729999999983e+02
5.381417730000000574e+02
5.382017730000000029e+02
5.382617730000000620e+02
5.383217730000000074e+02
5.383817730000000665e+02
5.384417730000000120e+02
5.385017730000000711e+02
5.385617730000000165e+02
5.386217730000000756e+02
5.386817730000000211e+02
5.387417730000000802e+02
5.388017730000000256e+02
5.388617730000000847e+02
5.389217730000000302e+02
5.389817730000000893e+02
5.390417730000000347e+02
5.391017730000000938e+02
5.391617730000000392e+02
5.392217730000000984e+02
5.392817730000000438e+02
5.393417730000001029e+02
5.394017730000000483e+02
5.394617729999999938e+02
5.395217730000000529e+02
5.395817729999999983e+02
5.396417730000000574e+02
5.397017730000000029e+02
5.397617730000000620e+02
5.398217730000000074e+02
5.398817730000000665e+02
5.399417730000000120e+02
5.400017730000000711e+02
5.400617730000000165e+02
5.401217730000000756e+02
5.401817730000000211e+02
5.402417730000000802e+02
5.403017730000000256e+02
5.403617730000000847e+02
5.404217730000000302e+02
5.404817730000000893e+02
5.405417730000000347e+02
5.406017730000000938e+02
5.406617730000000392e+02
5.407217730000000984e+02
5.407817730000000438e+02
5.408417730000001029e+02
5.409017730000000483e+02
5.409617729999999938e+02
5.410217730000000529e+02
5.410817729999999983e+02
5.411417730000000574e+02
5.412017730000000029e+02
5.412617730000000620e+02
5.413217730000000074e+02
5.413817730000000665e+02
5.414417730000000120e+02
5.415017730000000711e+02
5.415617730000000165e+02
5.416217730000000756e+02
5.416817730000000211e+02
5.417417730000000802e+02
5.418017730000000256e+02
5.418617730000000847e+02
5.419217730000000302e+02
5.419817730000000893e+02
5.420417730000000347e+02
5.421017730000000938e+02
5.421617730000000392e+02
5.422217730000000984e+02
5.422817730000000438e+02
5.423417730000001029e+02
5.424017730000000483e+02
5.424617729999999938e+02
5.425217730000000529e+02
5.425817729999999983e+02
5.426417730000000574e+02
5.427017730000000029e+02
5.427617730000000620e+02
5.428217730000000074e+02
5.428817730000000665e+02
5.429417730000000120e+02
5.430017730000000711e+02
5.430617730000000165e+02
5.431217730000000756e+02
5.431817730000000211e+02
5.432417730000000802e+02
5.433017730000000256e+02
5.433617730000000847e+02
5.434217730000000302e+02
5.434817730000000893e+02
5.435417730000000347e+02
5.436017730000000938e+02
5.436617730000000392e+02
5.437217730000000984e+02
5.437817730000000438e+02
5.438417730000001029e+02
5.439017730000000483e+02
5.439617729999999938e+02
5.440217730000000529e+02
5.440817729999999983e+02
5.441417730000000574e+02
5.442017730000000029e+02
5.442617730000000620e+02
5.443217730000000074e+02
5.443817730000000665e+02
5.444417730000000120e+02
5.445017730000000711e+02
5.445617730000000165e+02
5.446217730000000756e+02
5.446817730000000211e+02
5.447417730000000802e+02
5.448017730000000256e+02
5.448617730000000847e+02
5.449217730000000302e+02
5.449817730000000893e+02
5.450417730000000347e+02
5.451017730000000938e+02
5.451617730000000392e+02
5.452217730000000984e+02
5.452817730000000438e+02
5.453417730000001029e+02
5.454017730000000483e+02
5.454617729999999938e+02
5.455217730000000529e+02
5.455817729999999983e+02
5.456417730000000574e+02
5.457017730000000029e+02
5.457617730000000620e+02
5.458217730000000074e+02
5.458817730000000665e+02
5.459417730000000120e+02
5.460017730000000711e+02
5.460617730000000165e+02
5.461217730000000756e+02
5.461817730000000211e+02
5.462417730000000802e+02
5.463017730000000256e+02
5.463617730000000847e+02
5.464217730000000302e+02
5.464817730000000893e+02
5.465417730000000347e+02
5.466017730000000938e+02
5.466617730000000392e+02
5.467217730000000984e+02
5.467817730000000438e+02
5.468417730000001029e+02
5.469017730000000483e+02
5.469617729999999938e+02
5.470217730000000529e+02
5.470817729999999983e+02
5.471417730000000574e+02
5.472017730000000029e+02
5.472617730000000620e+02
5.473217730000000074e+02
5.473817730000000665e+02
5.474417730000000120e+02
5.475017730000000711e+02
5.475617730000000165e+02
5.476217730000000756e+02
5.476817730000000211e+02
5.477417730000000802e+02
5.478017730000000256e+02
5.478617730000000847e+02
5.479217730000000302e+02
5.479817730000000893e+02
5.480417730000000347e+02
5.481017730000000938e+02
5.481617730000000392e+02
5.482217730000000984e+02
5.482817730000000438e+02
5.483417730000001029e+02
5.484017730000000483e+02
5.484617729999999938e+02
5.485217730000000529e+02
5.485817729999999983e+02
5.486417730000000574e+02
5.487017730000000029e+02
5.487617730000000620e+02
5.488217730000000074e+02
5.488817730000000665e+02
5.489417730000000120e+02
5.490017730000000711e+02
5.490617730000000165e+02
5.491217730000000756e+02
5.491817730000000211e+02
5.492417730000000802e+02
5.493017730000000256e+02
5.493617730000000847e+02
5.494217730000000302e+02
5.494817730000000893e+02
5.495417730000000347e+02
5.496017730000000938e+02
5.496617730000000392e+02
5.497217730000000984e+02
5.497817730000000438e+02
5.498417730000001029e+02
5.499017730000000483e+02
5.499617729999999938e+02
5.500217730000000529e+02
5.500817729999999983e+02
5.501417730000000574e+02
5.502017730000000029e+02
5.502617730000000620e+02
5.503217730000000074e+02
5.503817730000000665e+02
5.504417730000000120e+02
5.505017730000000711e+02
5.505617730000000165e+02
5.506217730000000756e+02
5.506817730000000211e+02
5.507417730000000802e+02
5.508017730000000256e+02
5.508617730000000847e+02
5.509217730000000302e+02
5.509817730000000893e+02
5.510417730000000347e+02
5.511017730000000938e+02
5.511617730000000392e+02
5.512217730000000984e+02
5.512817730000000438e+02
5.513417730000001029e+02
5.514017730000000483e+02
5.514617729999999938e+02
5.515217730000000529e+02
5.515817729999999983e+02
5.516417730000000574e+02
5.517017730000000029e+02
5.517617730000000620e+02
5.518217730000000074e+02
5.518817730000000665e+02
5.519417730000000120e+02
5.520017730000000711e+02
5.520617730000000165e+02
5.521217730000000756e+02
5.521817730000000211e+02
5.522417730000000802e+02
5.523017730000000256e+02
5.523617730000000847e+02
5.524217730000000302e+02
5.524817730000000893e+02
5.525417730000000347e+02
5.526017730000000938e+02
5.526617730000000392e+02
5.527217730000000984e+02
5.527817730000000438e+02
5.528417730000001029e+02
5.529017730000000483e+02
5.529617729999999938e+02
5.530217730000000529e+02
5.530817729999999983e+02
5.531417730000000574e+02
5.532017730000000029e+02
5.532617730000000620e+02
5.533217730000000074e+02
5.533817730000000665e+02
5.534417730000000120e+02
5.535017730000000711e+02
5.535617730000000165e+02
5.536217730000000756e+02
5.536817730000000211e+02
5.537417730000000802e+02
5.538017730000000256e+02
5.538617730000000847e+02
5.539217730000000302e+02
5.539817730000000893e+02
5.540417730000000347e+02
5.541017730000000938e+02
5.541617730000000392e+02
5.542217730000000984e+02
5.542817730000000438e+02
5.543417730000001029e+02
5.544017730000000483e+02
5.544617729999999938e+02
5.545217730000000529e+02
5.545817729999999983e+02
5.546417730000000574e+02
5.547017730000000029e+02
5.547617730000000620e+02
5.548217730000000074e+02
5.548817730000000665e+02
5.549417730000000120e+02
5.550017730000000711e+02
5.550617730000000165e+02
5.551217730000000756e+02
5.551817730000000211e+02
5.552417730000000802e+02
5.553017730000000256e+02
5.553617730000000847e+02
5.554217730000000302e+02
5.554817730000000893e+02
5.555417730000000347e+02
5.556017730000000938e+02
5.556617730000000392e+02
5.557217730000000984e+02
5.557817730000000438e+02
5.558417730000001029e+02
5.559017730000000483e+02
5.559617729999999938e+02
5.560217730000000529e+02
5.560817729999999983e+02
5.561417730000000574e+02
5.562017730000000029e+02
5.562617730000000620e+02
5.563217730000000074e+02
5.563817730000000665e+02
5.564417730000000120e+02
5.565017730000000711e+02
5.565617730000000165e+02
5.566217730000000756e+02
5.566817730000000211e+02
5.567417730000000802e+02
5.568017730000000256e+02
5.568617730000000847e+02
5.569217730000000302e+02
5.569817730000000893e+02
5.570417730000000347e+02
5.571017730000000938e+02
5.571617730000000392e+02
5.572217730000000984e+02
5.572817730000000438e+02
5.573417730000001029e+02
5.574017730000000483e+02
5.574617729999999938e+02
5.575217730000000529e+02
5.575817729999999983e+02
5.576417730000000574e+02
5.577017730000000029e+02
5.577617730000000620e+02
5.578217730000000074e+02
5.578817730000000665e+02
5.579417730000000120e+02
5.580017730000000711e+02
5.580617730000000165e+02
5.581217730000000756e+02
5.581817730000000211e+02
5.582417730000000802e+02
5.583017730000000256e+02
5.583617730000000847e+02
5.584217730000000302e+02
5.584817730000000893e+02
5.585417730000000347e+02
5.586017730000000938e+02
5.586617730000000392e+02
5.587217730000000984e+02
5.587817730000000438e+02
5.588417730000001029e+02
5.589017730000000483e+02
5.589617729999999938e+02
5.590217730000000529e+02
5.590817729999999983e+02
5.591417730000000574e+02
5.592017730000000029e+02
5.592617730000000620e+02
5.593217730000000074e+02
5.593817730000000665e+02
5.594417730000000120e+02
5.595017730000000711e+02
5.595617730000000165e+02
5.596217730000000756e+02
5.596817730000000211e+02
5.597417730000000802e+02
5.598017730000000256e+02
5.598617730000000847e+02
5.599217730000000302e+02
5.599817730000000893e+02
5.600417730000000347e+02
5.601017730000000938e+02
5.601617730000000392e+02
5.602217730000000984e+02
5.602817730000000438e+02
5.603417730000001029e+02
5.604017730000000483e+02
5.604617729999999938e+02
5.605217730000000529e+02
5.605817729999999983e+02
5.606417730000000574e+02
5.607017730000000029e+02
5.607617730000000620e+02
5.608217730000000074e+02
5.608817730000000665e+02
5.609417730000000120e+02
5.610017730000000711e+02
5.610617730000000165e+02
5.611217730000000756e+02
5.611817730000000211e+02
5.612417730000000802e+02
5.613017730000000256e+02
5.613617730000000847e+02
5.614217730000000302e+02
5.614817730000000893e+02
5.615417730000000347e+02
5.616017730000000938e+02
5.616617730000000392e+02
5.617217730000000984e+02
5.617817730000000438e+02
5.618417730000001029e+02
5.619017730000000483e+02
5.619617729999999938e+02
5.620217730000000529e+02
5.620817729999999983e+02
5.621417730000000574e+02
5.622017730000000029e+02
5.622617730000000620e+02
5.623217730000000074e+02
5.623817730000000665e+02
5.624417730000000120e+02
5.625017730000000711e+02
5.625617730000000165e+02
5.626217730000000756e+02
5.626817730000000211e+02
5.627417730000000802e+02
5.628017730000000256e+02
5.628617730000000847e+02
5.629217730000000302e+02
5.629817730000000893e+02
5.630417730000000347e+02
5.631017730000000938e+02
5.631617730000000392e+02
5.632217730000000984e+02
5.632817730000000438e+02
5.633417730000001029e+02
5.634017730000000483e+02
5.634617729999999938e+02
5.635217730000000529e+02
5.635817729999999983e+02
5.636417730000000574e+02
5.637017730000000029e+02
5.637617730000000620e+02
5.638217730000000074e+02
5.638817730000000665e+02
5.639417730000000120e+02
5.640017730000000711e+02
5.640617730000000165e+02
5.641217730000000756e+02
5.641817730000000211e+02
5.642417730000000802e+02
5.643017730000000256e+02
5.643617730000000847e+02
5.644217730000000302e+02
5.644817730000000893e+02
5.645417730000000347e+02
5.646017730000000938e+02
5.646617730000000392e+02
5.647217730000000984e+02
5.647817730000000438e+02
5.648417730000001029e+02
5.649017730000000483e+02
5.649617729999999938e+02
5.650217730000000529e+02
5.650817729999999983e+02
5.651417730000000574e+02
5.652017730000000029e+02
5.652617730000000620e+02
5.653217730000000074e+02
5.653817730000000665e+02
5.654417730000000120e+02
5.655017730000000711e+02
5.655617730000000165e+02
5.656217730000000756e+02
5.656817730000000211e+02
5.657417730000000802e+02
5.658017730000000256e+02
5.658617730000000847e+02
5.659217730000000302e+02
5.659817730000000893e+02
5.660417730000000347e+02
5.661017730000000938e+02
5.661617730000000392e+02
5.662217730000000984e+02
5.662817730000000438e+02
5.663417730000001029e+02
5.664017730000000483e+02
5.664617729999999938e+02
5.665217730000000529e+02
5.665817729999999983e+02
5.666417730000000574e+02
5.667017730000000029e+02
5.667617730000000620e+02
5.668217730000000074e+02
5.668817730000000665e+02
5.669417730000000120e+02
5.670017730000000711e+02
5.670617730000000165e+02
5.671217730000000756e+02
5.671817730000000211e+02
5.672417730000000802e+02
5.673017730000000256e+02
5.673617730000000847e+02
5.674217730000000302e+02
5.674817730000000893e+02
5.675417730000000347e+02
5.676017730000000938e+02
5.676617730000000392e+02
5.677217730000000984e+02
5.677817730000000438e+02
5.678417730000001029e+02
5.679017730000000483e+02
5.679617729999999938e+02
5.680217730000000529e+02
5.680817729999999983e+02
5.681417730000000574e+02
5.682017730000000029e+02
5.682617730000000620e+02
5.683217730000000074e+02
5.683817730000000665e+02
5.684417730000000120e+02
5.685017730000000711e+02
5.685617730000000165e+02
5.686217730000000756e+02
5.686817730000000211e+02
5.687417730000000802e+02
5.688017730000000256e+02
5.688617730000000847e+02
5.689217730000000302e+02
5.689817730000000893e+02
5.690417730000000347e+02
5.691017730000000938e+02
5.691617730000000392e+02
5.692217730000000984e+02
5.692817730000000438e+02
5.693417730000001029e+02
5.694017730000000483e+02
5.694617729999999938e+02
5.695217730000000529e+02
5.695817729999999983e+02
5.696417730000000574e+02
5.697017730000000029e+02
5.697617730000000620e+02
5.698217730000000074e+02
5.698817730000000665e+02
5.699417730000000120e+02
5.700017730000000711e+02
5.700617730000000165e+02
5.701217730000000756e+02
5.701817730000000211e+02
5.702417730000000802e+02
5.703017730000000256e+02
5.703617730000000847e+02
5.704217730000000302e+02
5.704817730000000893e+02
5.705417730000000347e+02
5.706017730000000938e+02
5.706617730000000392e+02
5.707217730000000984e+02
5.707817730000000438e+02
5.708417730000001029e+02
5.709017730000000483e+02
5.709617729999999938e+02
5.710217730000000529e+02
5.710817729999999983e+02
5.711417730000000574e+02
5.712017730000000029e+02
5.712617730000000620e+02
5.713217730000000074e+02
5.713817730000000665e+02
5.714417730000000120e+02
5.715017730000000711e+02
5.715617730000000165e+02
5.716217730000000756e+02
5.716817730000000211e+02
5.717417730000000802e+02
5.718017730000000256e+02
5.718617730000000847e+02
5.719217730000000302e+02
5.719817730000000893e+02
5.720417730000000347e+02
5.721017730000000938e+02
5.721617730000000392e+02
5.722217730000000984e+02
5.722817730000000438e+02
5.723417730000001029e+02
5.724017730000000483e+02
5.724617729999999938e+02
5.725217730000000529e+02
5.725817729999999983e+02
5.726417730000000574e+02
5.727017730000000029e+02
5.727617730000000620e+02
5.728217730000000074e+02
5.728817730000000665e+02
5.729417730000000120e+02
5.730017730000000711e+02
5.730617730000000165e+02
5.731217730000000756e+02
5.731817730000000211e+02
5.732417730000000802e+02
5.733017730000000256e+02
5.733617730000000847e+02
5.734217730000000302e+02
5.734817730000000893e+02
5.735417730000000347e+02
5.736017730000000938e+02
5.736617730000000392e+02
5.737217730000000984e+02
5.737817730000000438e+02
5.738417730000001029e+02
5.739017730000000483e+02
5.739617729999999938e+02
5.740217730000000529e+02
5.740817729999999983e+02
5.741417730000000574e+02
5.742017730000000029e+02
5.742617730000000620e+02
5.743217730000000074e+02
5.743817730000000665e+02
5.744417730000000120e+02
5.745017730000000711e+02
5.745617730000000165e+02
5.746217730000000756e+02
5.746817730000000211e+02
5.747417730000000802e+02
5.748017730000000256e+02
5.748617730000000847e+02
5.749217730000000302e+02
5.749817730000000893e+02
5.750417730000000347e+02
5.751017730000000938e+02
5.751617730000000392e+02
5.752217730000000984e+02
5.752817730000000438e+02
5.753417730000001029e+02
5.754017730000000483e+02
5.754617729999999938e+02
5.755217730000000529e+02
5.755817729999999983e+02
5.756417730000000574e+02
5.757017730000000029e+02
5.757617730000000620e+02
5.758217730000000074e+02
5.758817730000000665e+02
5.759417730000000120e+02
5.760017730000000711e+02
5.760617730000000165e+02
5.761217730000000756e+02
5.761817730000000211e+02
5.762417730000000802e+02
5.763017730000000256e+02
5.763617730000000847e+02
5.764217730000000302e+02
5.764817730000000893e+02
5.765417730000000347e+02
5.766017730000000938e+02
5.766617730000000392e+02
5.767217730000000984e+02
5.767817730000000438e+02
5.768417730000001029e+02
5.769017730000000483e+02
5.769617729999999938e+02
5.770217730000000529e+02
5.770817729999999983e+02
5.771417730000000574e+02
5.772017730000000029e+02
5.772617730000000620e+02
5.773217730000000074e+02
5.773817730000000665e+02
5.774417730000000120e+02
5.775017730000000711e+02
5.775617730000000165e+02
5.776217730000000756e+02
5.776817730000000211e+02
5.777417730000000802e+02
5.778017730000000256e+02
5.778617730000000847e+02
5.779217730000000302e+02
5.779817730000000893e+02
5.780417730000000347e+02
5.781017730000000938e+02
5.781617730000000392e+02
5.782217730000000984e+02
5.782817730000000438e+02
5.783417730000001029e+02
