5.184017730000000483e+02
5.209017730000000483e+02
5.234017730000000483e+02
5.259017730000000483e+02
5.284017730000000483e+02
5.309017730000000483e+02
5.334017730000000483e+02
5.359017730000000483e+02
5.384017730000000483e+02
5.409017730000000483e+02
5.434017730000000483e+02
5.459017730000000483e+02
5.484017730000000483e+02
5.509017730000000483e+02
5.534017730000000483e+02
5.559017730000000483e+02
5.584017730000000483e+02
5.609017730000000483e+02
5.634017730000000483e+02
5.659017730000000483e+02
5.684017730000000483e+02
5.709017730000000483e+02
5.734017730000000483e+02
5.759017730000000483e+02
5.784017730000000483e+02
